<?xml version="1.0" encoding="utf-8"?>
<COLLADA xmlns="http://www.collada.org/2005/11/COLLADASchema" version="1.4.1">
  <asset>
    <contributor>
      <author>Mixamo</author>
      <authoring_tool>COLLADA Mixamo exporter</authoring_tool>
      <comments/>
    </contributor>
    <created>2023-10-13T19:58:59Z</created>
    <modified>2023-10-13T19:58:59Z</modified>
    <revision/>
    <title/>
    <unit meter="0.010000"/>
    <up_axis>Y_UP</up_axis>
  </asset>
  <library_animations>
    <animation id="mixamorig_Hips-anim" name="mixamorig_Hips">
      <source id="mixamorig_Hips-Matrix-animation-input">
        <float_array id="mixamorig_Hips-Matrix-animation-input-array" count="349">

0.000000 0.033333 0.066667 0.100000 0.133333 0.166667 0.200000 0.233333 0.266667 0.300000 0.333333 0.366667 0.400000 0.433333 0.466667 0.500000
0.533333 0.566667 0.600000 0.633333 0.666667 0.700000 0.733333 0.766667 0.800000 0.833333 0.866667 0.900000 0.933333 0.966667 1.000000 1.033333
1.066667 1.100000 1.133333 1.166667 1.200000 1.233333 1.266667 1.300000 1.333333 1.366667 1.400000 1.433333 1.466667 1.500000 1.533333 1.566667
1.600000 1.633333 1.666667 1.700000 1.733333 1.766667 1.800000 1.833333 1.866667 1.900000 1.933333 1.966667 2.000000 2.033333 2.066667 2.100000
2.133333 2.166667 2.200000 2.233333 2.266667 2.300000 2.333333 2.366667 2.400000 2.433333 2.466667 2.500000 2.533333 2.566667 2.600000 2.633333
2.666667 2.700000 2.733333 2.766667 2.800000 2.833333 2.866667 2.900000 2.933333 2.966667 3.000000 3.033333 3.066667 3.100000 3.133333 3.166667
3.200000 3.233333 3.266667 3.300000 3.333333 3.366667 3.400000 3.433333 3.466667 3.500000 3.533333 3.566667 3.600000 3.633333 3.666667 3.700000
3.733333 3.766667 3.800000 3.833333 3.866667 3.900000 3.933333 3.966667 4.000000 4.033333 4.066667 4.100000 4.133333 4.166667 4.200000 4.233333
4.266667 4.300000 4.333333 4.366667 4.400000 4.433333 4.466667 4.500000 4.533333 4.566667 4.600000 4.633333 4.666667 4.700000 4.733333 4.766667
4.800000 4.833333 4.866667 4.900000 4.933333 4.966667 5.000000 5.033333 5.066667 5.100000 5.133333 5.166667 5.200000 5.233333 5.266667 5.300000
5.333333 5.366667 5.400000 5.433333 5.466667 5.500000 5.533333 5.566667 5.600000 5.633333 5.666667 5.700000 5.733333 5.766667 5.800000 5.833333
5.866667 5.900000 5.933333 5.966667 6.000000 6.033333 6.066667 6.100000 6.133333 6.166667 6.200000 6.233333 6.266667 6.300000 6.333333 6.366667
6.400000 6.433333 6.466667 6.500000 6.533333 6.566667 6.600000 6.633333 6.666667 6.700000 6.733333 6.766667 6.800000 6.833333 6.866667 6.900000
6.933333 6.966667 7.000000 7.033333 7.066667 7.100000 7.133333 7.166667 7.200000 7.233333 7.266667 7.300000 7.333333 7.366667 7.400000 7.433333
7.466667 7.500000 7.533333 7.566667 7.600000 7.633333 7.666667 7.700000 7.733333 7.766667 7.800000 7.833333 7.866667 7.900000 7.933333 7.966667
8.000000 8.033333 8.066667 8.100000 8.133333 8.166667 8.200000 8.233333 8.266667 8.300000 8.333333 8.366667 8.400000 8.433333 8.466667 8.500000
8.533333 8.566667 8.600000 8.633333 8.666667 8.700000 8.733333 8.766667 8.800000 8.833333 8.866667 8.900000 8.933333 8.966667 9.000000 9.033333
9.066667 9.100000 9.133333 9.166667 9.200000 9.233333 9.266667 9.300000 9.333333 9.366667 9.400000 9.433333 9.466667 9.500000 9.533333 9.566667
9.600000 9.633333 9.666667 9.700000 9.733333 9.766667 9.800000 9.833333 9.866667 9.900000 9.933333 9.966667 10.000000 10.033333 10.066667 10.100000
10.133333 10.166667 10.200000 10.233333 10.266667 10.300000 10.333333 10.366667 10.400000 10.433333 10.466667 10.500000 10.533333 10.566667 10.600000 10.633333
10.666667 10.700000 10.733333 10.766667 10.800000 10.833333 10.866667 10.900000 10.933333 10.966667 11.000000 11.033333 11.066667 11.100000 11.133333 11.166667
11.200000 11.233333 11.266667 11.300000 11.333333 11.366667 11.400000 11.433333 11.466667 11.500000 11.533333 11.566667 11.600000</float_array>
        <technique_common>
          <accessor source="#mixamorig_Hips-Matrix-animation-input-array" count="349">
            <param name="TIME" type="float"/>
          </accessor>
        </technique_common>
      </source>
      <source id="mixamorig_Hips-Matrix-animation-output-transform">
        <float_array id="mixamorig_Hips-Matrix-animation-output-transform-array" count="5584">

0.998763 0.049729 0.000389 -0.134704 -0.049730 0.998750 0.004945 109.990578 -0.000142 -0.004959 0.999988 -1.450748 0.000000 0.000000 0.000000 1.000000
0.998809 0.048788 0.001041 -0.122999 -0.048793 0.998793 0.005563 109.999268 -0.000768 -0.005607 0.999984 -1.511925 0.000000 0.000000 0.000000 1.000000
0.998853 0.047858 0.001690 -0.111840 -0.047868 0.998834 0.006251 110.007431 -0.001389 -0.006325 0.999979 -1.572769 0.000000 0.000000 0.000000 1.000000
0.998896 0.046928 0.002338 -0.100578 -0.046943 0.998873 0.006940 110.015579 -0.002009 -0.007042 0.999973 -1.633609 0.000000 0.000000 0.000000 1.000000
0.998938 0.045985 0.002988 -0.088887 -0.046007 0.998913 0.007560 110.024231 -0.002637 -0.007689 0.999967 -1.694783 0.000000 0.000000 0.000000 1.000000
0.998979 0.045019 0.003644 -0.076395 -0.045047 0.998952 0.008041 110.033752 -0.003279 -0.008197 0.999961 -1.756672 0.000000 0.000000 0.000000 1.000000
0.999021 0.044018 0.004309 -0.062677 -0.044053 0.998995 0.008315 110.044945 -0.003939 -0.008497 0.999956 -1.819580 0.000000 0.000000 0.000000 1.000000
0.999066 0.042918 0.004991 -0.045379 -0.042958 0.999045 0.008023 110.059868 -0.004641 -0.008230 0.999955 -1.884921 0.000000 0.000000 0.000000 1.000000
0.999110 0.041804 0.005651 -0.028300 -0.041847 0.999094 0.007685 110.075325 -0.005325 -0.007915 0.999954 -1.949530 0.000000 0.000000 0.000000 1.000000
0.999155 0.040640 0.006193 -0.011359 -0.040685 0.999146 0.007248 110.092064 -0.005893 -0.007494 0.999955 -2.010768 0.000000 0.000000 0.000000 1.000000
0.999201 0.039407 0.006594 0.005283 -0.039451 0.999199 0.006650 110.110687 -0.006327 -0.006905 0.999956 -2.067541 0.000000 0.000000 0.000000 1.000000
0.999248 0.038145 0.006932 0.021848 -0.038187 0.999253 0.005990 110.130157 -0.006698 -0.006251 0.999958 -2.122379 0.000000 0.000000 0.000000 1.000000
0.999294 0.036862 0.007197 0.038392 -0.036901 0.999305 0.005342 110.150360 -0.006995 -0.005603 0.999960 -2.175628 0.000000 0.000000 0.000000 1.000000
0.999341 0.035556 0.007256 0.055733 -0.035592 0.999354 0.004896 110.171738 -0.007077 -0.005151 0.999962 -2.226665 0.000000 0.000000 0.000000 1.000000
0.999389 0.034230 0.007075 0.074031 -0.034264 0.999402 0.004713 110.194977 -0.006909 -0.004952 0.999964 -2.275394 0.000000 0.000000 0.000000 1.000000
0.999436 0.032895 0.006764 0.092843 -0.032926 0.999447 0.004664 110.218887 -0.006607 -0.004884 0.999966 -2.322942 0.000000 0.000000 0.000000 1.000000
0.999482 0.031551 0.006321 0.112222 -0.031581 0.999490 0.004701 110.243340 -0.006169 -0.004898 0.999969 -2.369328 0.000000 0.000000 0.000000 1.000000
0.999528 0.030194 0.005629 0.132296 -0.030222 0.999531 0.004913 110.268883 -0.005478 -0.005081 0.999972 -2.413628 0.000000 0.000000 0.000000 1.000000
0.999573 0.028826 0.004729 0.153554 -0.028851 0.999570 0.005283 110.295097 -0.004574 -0.005417 0.999975 -2.455695 0.000000 0.000000 0.000000 1.000000
0.999616 0.027457 0.003795 0.175716 -0.027479 0.999606 0.005707 110.320892 -0.003637 -0.005809 0.999977 -2.496555 0.000000 0.000000 0.000000 1.000000
0.999655 0.026090 0.002884 0.198679 -0.026108 0.999640 0.006169 110.347061 -0.002722 -0.006242 0.999977 -2.536027 0.000000 0.000000 0.000000 1.000000
0.999692 0.024727 0.002052 0.222322 -0.024741 0.999672 0.006653 110.372231 -0.001887 -0.006702 0.999976 -2.574159 0.000000 0.000000 0.000000 1.000000
0.999726 0.023372 0.001353 0.247155 -0.023381 0.999701 0.007143 110.396431 -0.001186 -0.007173 0.999974 -2.610974 0.000000 0.000000 0.000000 1.000000
0.999756 0.022070 0.000983 0.273790 -0.022076 0.999726 0.007729 110.418015 -0.000812 -0.007749 0.999970 -2.643001 0.000000 0.000000 0.000000 1.000000
0.999780 0.020928 0.001092 0.298925 -0.020937 0.999744 0.008574 110.435074 -0.000913 -0.008595 0.999963 -2.667612 0.000000 0.000000 0.000000 1.000000
0.999801 0.019875 0.001401 0.321158 -0.019887 0.999757 0.009534 110.450500 -0.001211 -0.009560 0.999954 -2.690321 0.000000 0.000000 0.000000 1.000000
0.999820 0.018884 0.001825 0.341640 -0.018903 0.999766 0.010562 110.464706 -0.001625 -0.010595 0.999943 -2.711553 0.000000 0.000000 0.000000 1.000000
0.999836 0.017973 0.002334 0.360131 -0.017999 0.999770 0.011640 110.477531 -0.002124 -0.011680 0.999930 -2.731462 0.000000 0.000000 0.000000 1.000000
0.999849 0.017158 0.002895 0.376217 -0.017193 0.999771 0.012751 110.488617 -0.002676 -0.012799 0.999915 -2.750074 0.000000 0.000000 0.000000 1.000000
0.999859 0.016455 0.003479 0.389644 -0.016501 0.999767 0.013880 110.498260 -0.003249 -0.013935 0.999898 -2.767288 0.000000 0.000000 0.000000 1.000000
0.999863 0.016052 0.004142 0.395669 -0.016112 0.999757 0.015061 110.503014 -0.003900 -0.015126 0.999878 -2.781116 0.000000 0.000000 0.000000 1.000000
0.999863 0.015811 0.004874 0.397710 -0.015889 0.999741 0.016280 110.505165 -0.004615 -0.016355 0.999856 -2.793165 0.000000 0.000000 0.000000 1.000000
0.999862 0.015603 0.005618 0.398950 -0.015699 0.999723 0.017506 110.506714 -0.005343 -0.017592 0.999831 -2.804851 0.000000 0.000000 0.000000 1.000000
0.999861 0.015436 0.006374 0.399363 -0.015553 0.999703 0.018739 110.507927 -0.006083 -0.018835 0.999804 -2.816082 0.000000 0.000000 0.000000 1.000000
0.999858 0.015276 0.007134 0.399169 -0.015416 0.999682 0.019974 110.508881 -0.006826 -0.020081 0.999775 -2.827171 0.000000 0.000000 0.000000 1.000000
0.999854 0.015169 0.007895 0.398860 -0.015333 0.999657 0.021209 110.509674 -0.007571 -0.021327 0.999744 -2.838193 0.000000 0.000000 0.000000 1.000000
0.999848 0.015107 0.008656 0.397731 -0.015298 0.999631 0.022448 110.509857 -0.008313 -0.022577 0.999711 -2.848790 0.000000 0.000000 0.000000 1.000000
0.999842 0.015069 0.009405 0.394965 -0.015288 0.999602 0.023694 110.508774 -0.009045 -0.023834 0.999675 -2.858088 0.000000 0.000000 0.000000 1.000000
0.999835 0.015053 0.010147 0.391069 -0.015302 0.999572 0.024946 110.506897 -0.009767 -0.025097 0.999637 -2.866575 0.000000 0.000000 0.000000 1.000000
0.999827 0.015058 0.010874 0.385949 -0.015339 0.999539 0.026203 110.504219 -0.010474 -0.026365 0.999597 -2.874214 0.000000 0.000000 0.000000 1.000000
0.999819 0.015111 0.011593 0.380094 -0.015425 0.999504 0.027462 110.501030 -0.011172 -0.027636 0.999556 -2.881252 0.000000 0.000000 0.000000 1.000000
0.999809 0.015202 0.012310 0.373976 -0.015550 0.999466 0.028722 110.497650 -0.011866 -0.028908 0.999512 -2.887858 0.000000 0.000000 0.000000 1.000000
0.999798 0.015358 0.013002 0.366233 -0.015742 0.999426 0.029986 110.493179 -0.012534 -0.030185 0.999466 -2.893023 0.000000 0.000000 0.000000 1.000000
0.999785 0.015557 0.013677 0.357598 -0.015978 0.999384 0.031254 110.487907 -0.013183 -0.031466 0.999418 -2.897374 0.000000 0.000000 0.000000 1.000000
0.999773 0.015775 0.014344 0.348536 -0.016235 0.999339 0.032524 110.482216 -0.013821 -0.032749 0.999368 -2.901297 0.000000 0.000000 0.000000 1.000000
0.999759 0.016090 0.014964 0.337093 -0.016589 0.999291 0.033799 110.474899 -0.014410 -0.034039 0.999317 -2.902958 0.000000 0.000000 0.000000 1.000000
0.999743 0.016502 0.015537 0.323193 -0.017039 0.999239 0.035082 110.465866 -0.014946 -0.035337 0.999264 -2.902329 0.000000 0.000000 0.000000 1.000000
0.999727 0.016986 0.016070 0.307937 -0.017561 0.999184 0.036368 110.455551 -0.015439 -0.036640 0.999209 -2.899967 0.000000 0.000000 0.000000 1.000000
0.999703 0.017889 0.016528 0.284782 -0.018501 0.999119 0.037664 110.437988 -0.015840 -0.037958 0.999154 -2.890928 0.000000 0.000000 0.000000 1.000000
0.999670 0.019400 0.016836 0.249010 -0.020044 0.999038 0.039007 110.410141 -0.016063 -0.039331 0.999097 -2.870823 0.000000 0.000000 0.000000 1.000000
0.999629 0.021178 0.017110 0.208445 -0.021854 0.998946 0.040355 110.377937 -0.016237 -0.040714 0.999039 -2.846673 0.000000 0.000000 0.000000 1.000000
0.999579 0.023157 0.017478 0.166552 -0.023868 0.998847 0.041652 110.342384 -0.016494 -0.042052 0.998979 -2.823067 0.000000 0.000000 0.000000 1.000000
0.999517 0.025270 0.018068 0.127072 -0.026025 0.998743 0.042838 110.304634 -0.016963 -0.043288 0.998919 -2.804494 0.000000 0.000000 0.000000 1.000000
0.999434 0.027632 0.019202 0.094753 -0.028450 0.998637 0.043756 110.263069 -0.017966 -0.044277 0.998858 -2.799242 0.000000 0.000000 0.000000 1.000000
0.999320 0.030327 0.020979 0.070474 -0.031234 0.998529 0.044319 110.216034 -0.019604 -0.044945 0.998797 -2.810133 0.000000 0.000000 0.000000 1.000000
0.999192 0.033047 0.022859 0.048023 -0.034047 0.998415 0.044813 110.168449 -0.021342 -0.045555 0.998734 -2.825035 0.000000 0.000000 0.000000 1.000000
0.999056 0.035674 0.024770 0.028177 -0.036769 0.998299 0.045253 110.121773 -0.023114 -0.046121 0.998668 -2.847710 0.000000 0.000000 0.000000 1.000000
0.998921 0.037991 0.026710 0.015612 -0.039181 0.998193 0.045565 110.078804 -0.024930 -0.046563 0.998604 -2.891018 0.000000 0.000000 0.000000 1.000000
0.998806 0.039737 0.028432 0.012997 -0.041011 0.998111 0.045736 110.046120 -0.026561 -0.046848 0.998549 -2.943666 0.000000 0.000000 0.000000 1.000000
0.998722 0.040764 0.029872 0.015498 -0.042102 0.998071 0.045625 110.030045 -0.027954 -0.046825 0.998512 -2.979993 0.000000 0.000000 0.000000 1.000000
0.998656 0.041446 0.031119 0.017573 -0.042831 0.998057 0.045244 110.023239 -0.029183 -0.046516 0.998491 -2.999990 0.000000 0.000000 0.000000 1.000000
0.998600 0.041949 0.032236 0.020049 -0.043369 0.998059 0.044687 110.021324 -0.030299 -0.046022 0.998481 -3.011498 0.000000 0.000000 0.000000 1.000000
0.998545 0.042431 0.033267 0.023417 -0.043880 0.998063 0.044097 110.020432 -0.031332 -0.045493 0.998473 -3.021736 0.000000 0.000000 0.000000 1.000000
0.998492 0.042998 0.034136 0.027976 -0.044469 0.998060 0.043575 110.018906 -0.032196 -0.045028 0.998467 -3.034948 0.000000 0.000000 0.000000 1.000000
0.998436 0.043911 0.034590 0.044634 -0.045422 0.997991 0.044164 110.007904 -0.032582 -0.045666 0.998425 -3.063686 0.000000 0.000000 0.000000 1.000000
0.998381 0.044889 0.034931 0.065135 -0.046442 0.997908 0.044978 109.994278 -0.032839 -0.046528 0.998377 -3.095596 0.000000 0.000000 0.000000 1.000000
0.998338 0.045659 0.035173 0.097064 -0.047239 0.997847 0.045486 109.984619 -0.033020 -0.047072 0.998346 -3.122501 0.000000 0.000000 0.000000 1.000000
0.998307 0.046142 0.035399 0.136905 -0.047740 0.997813 0.045724 109.978844 -0.033212 -0.047337 0.998327 -3.142809 0.000000 0.000000 0.000000 1.000000
0.998283 0.046507 0.035619 0.180364 -0.048120 0.997789 0.045848 109.974342 -0.033408 -0.047484 0.998313 -3.160208 0.000000 0.000000 0.000000 1.000000
0.998262 0.046790 0.035833 0.226418 -0.048414 0.997772 0.045902 109.971863 -0.033606 -0.047557 0.998303 -3.175977 0.000000 0.000000 0.000000 1.000000
0.998243 0.047029 0.036044 0.274244 -0.048664 0.997759 0.045920 109.969505 -0.033804 -0.047593 0.998295 -3.191625 0.000000 0.000000 0.000000 1.000000
0.998225 0.047260 0.036252 0.322989 -0.048906 0.997746 0.045947 109.967941 -0.033999 -0.047638 0.998286 -3.208538 0.000000 0.000000 0.000000 1.000000
0.998208 0.047527 0.036355 0.373072 -0.049187 0.997719 0.046224 109.966393 -0.034075 -0.047930 0.998269 -3.232306 0.000000 0.000000 0.000000 1.000000
0.998192 0.047818 0.036424 0.423500 -0.049493 0.997688 0.046567 109.964790 -0.034113 -0.048286 0.998251 -3.258565 0.000000 0.000000 0.000000 1.000000
0.998176 0.048113 0.036462 0.474252 -0.049804 0.997653 0.046982 109.963188 -0.034116 -0.048712 0.998230 -3.286438 0.000000 0.000000 0.000000 1.000000
0.998162 0.048397 0.036471 0.525546 -0.050105 0.997615 0.047474 109.962120 -0.034086 -0.049214 0.998206 -3.314973 0.000000 0.000000 0.000000 1.000000
0.998150 0.048652 0.036452 0.577391 -0.050378 0.997574 0.048051 109.961304 -0.034026 -0.049798 0.998180 -3.343300 0.000000 0.000000 0.000000 1.000000
0.998143 0.048861 0.036371 0.629885 -0.050606 0.997530 0.048720 109.961060 -0.033900 -0.050470 0.998150 -3.370528 0.000000 0.000000 0.000000 1.000000
0.998150 0.048956 0.036053 0.684642 -0.050718 0.997475 0.049703 109.962387 -0.033529 -0.051439 0.998113 -3.396160 0.000000 0.000000 0.000000 1.000000
0.998161 0.048988 0.035705 0.739429 -0.050766 0.997422 0.050718 109.963852 -0.033128 -0.052437 0.998075 -3.421455 0.000000 0.000000 0.000000 1.000000
0.998175 0.049008 0.035291 0.794279 -0.050800 0.997365 0.051797 109.965561 -0.032659 -0.053495 0.998034 -3.445967 0.000000 0.000000 0.000000 1.000000
0.998191 0.049019 0.034801 0.849195 -0.050821 0.997304 0.052929 109.967499 -0.032112 -0.054602 0.997992 -3.469899 0.000000 0.000000 0.000000 1.000000
0.998213 0.049028 0.034176 0.900770 -0.050831 0.997242 0.054074 109.969078 -0.031430 -0.055714 0.997952 -3.493841 0.000000 0.000000 0.000000 1.000000
0.998238 0.049038 0.033412 0.948121 -0.050835 0.997179 0.055219 109.970039 -0.030610 -0.056821 0.997915 -3.518045 0.000000 0.000000 0.000000 1.000000
0.998265 0.049047 0.032592 0.994211 -0.050831 0.997115 0.056367 109.970787 -0.029733 -0.057926 0.997878 -3.542311 0.000000 0.000000 0.000000 1.000000
0.998292 0.049055 0.031729 1.038688 -0.050822 0.997050 0.057513 109.971329 -0.028814 -0.059027 0.997840 -3.566663 0.000000 0.000000 0.000000 1.000000
0.998320 0.049064 0.030834 1.081626 -0.050810 0.996984 0.058655 109.971649 -0.027863 -0.060123 0.997802 -3.591158 0.000000 0.000000 0.000000 1.000000
0.998347 0.049076 0.029918 1.122786 -0.050797 0.996918 0.059790 109.971748 -0.026892 -0.061211 0.997763 -3.615844 0.000000 0.000000 0.000000 1.000000
0.998373 0.049091 0.028994 1.162001 -0.050785 0.996850 0.060914 109.971390 -0.025912 -0.062287 0.997722 -3.640794 0.000000 0.000000 0.000000 1.000000
0.998399 0.049110 0.028073 1.199142 -0.050775 0.996782 0.062025 109.971405 -0.024936 -0.063351 0.997680 -3.665888 0.000000 0.000000 0.000000 1.000000
0.998424 0.049141 0.027101 1.227266 -0.050770 0.996715 0.063094 109.970291 -0.023911 -0.064370 0.997640 -3.692032 0.000000 0.000000 0.000000 1.000000
0.998447 0.049180 0.026160 1.247903 -0.050771 0.996651 0.064098 109.969055 -0.022920 -0.065326 0.997601 -3.717868 0.000000 0.000000 0.000000 1.000000
0.998467 0.049226 0.025303 1.256377 -0.050781 0.996594 0.064969 109.967331 -0.022018 -0.066154 0.997566 -3.743430 0.000000 0.000000 0.000000 1.000000
0.998485 0.049281 0.024471 1.261920 -0.050798 0.996539 0.065805 109.965446 -0.021143 -0.066948 0.997532 -3.768833 0.000000 0.000000 0.000000 1.000000
0.998501 0.049339 0.023691 1.264845 -0.050819 0.996486 0.066584 109.963379 -0.020323 -0.067688 0.997500 -3.793838 0.000000 0.000000 0.000000 1.000000
0.998512 0.049391 0.023117 1.258631 -0.050843 0.996447 0.067148 109.960373 -0.019718 -0.068224 0.997475 -3.817097 0.000000 0.000000 0.000000 1.000000
0.998521 0.049437 0.022640 1.249167 -0.050866 0.996413 0.067634 109.956825 -0.019215 -0.068686 0.997453 -3.839512 0.000000 0.000000 0.000000 1.000000
0.998527 0.049473 0.022264 1.236738 -0.050884 0.996384 0.068048 109.952629 -0.018817 -0.069081 0.997434 -3.861145 0.000000 0.000000 0.000000 1.000000
0.998528 0.049488 0.022179 1.215747 -0.050897 0.996368 0.068268 109.946724 -0.018720 -0.069296 0.997420 -3.879411 0.000000 0.000000 0.000000 1.000000
0.998528 0.049488 0.022184 1.191937 -0.050900 0.996357 0.068419 109.940201 -0.018717 -0.069447 0.997410 -3.895380 0.000000 0.000000 0.000000 1.000000
0.998529 0.049461 0.022213 1.166938 -0.050878 0.996349 0.068557 109.933365 -0.018741 -0.069586 0.997400 -3.910821 0.000000 0.000000 0.000000 1.000000
0.998530 0.049411 0.022276 1.141506 -0.050835 0.996342 0.068689 109.926437 -0.018801 -0.069720 0.997389 -3.925189 0.000000 0.000000 0.000000 1.000000
0.998531 0.049356 0.022359 1.116528 -0.050788 0.996336 0.068813 109.919395 -0.018881 -0.069848 0.997379 -3.936022 0.000000 0.000000 0.000000 1.000000
0.998531 0.049293 0.022486 1.092612 -0.050735 0.996334 0.068884 109.912155 -0.019009 -0.069923 0.997371 -3.940816 0.000000 0.000000 0.000000 1.000000
0.998530 0.049198 0.022740 1.071423 -0.050659 0.996336 0.068904 109.904892 -0.019266 -0.069955 0.997364 -3.931072 0.000000 0.000000 0.000000 1.000000
0.998528 0.049070 0.023109 1.052926 -0.050557 0.996343 0.068884 109.898148 -0.019645 -0.069951 0.997357 -3.908689 0.000000 0.000000 0.000000 1.000000
0.998527 0.048924 0.023467 1.036740 -0.050435 0.996353 0.068821 109.891708 -0.020014 -0.069904 0.997353 -3.878839 0.000000 0.000000 0.000000 1.000000
0.998526 0.048773 0.023815 1.021405 -0.050305 0.996372 0.068646 109.885544 -0.020381 -0.069742 0.997357 -3.846447 0.000000 0.000000 0.000000 1.000000
0.998526 0.048612 0.024123 1.006846 -0.050161 0.996396 0.068404 109.879837 -0.020711 -0.069514 0.997366 -3.810961 0.000000 0.000000 0.000000 1.000000
0.998529 0.048436 0.024358 0.993274 -0.049995 0.996427 0.068077 109.874901 -0.020973 -0.069194 0.997383 -3.771720 0.000000 0.000000 0.000000 1.000000
0.998539 0.048220 0.024391 0.982381 -0.049769 0.996477 0.067508 109.871895 -0.021050 -0.068623 0.997421 -3.721989 0.000000 0.000000 0.000000 1.000000
0.998557 0.047956 0.024159 0.975179 -0.049471 0.996551 0.066619 109.871376 -0.020881 -0.067718 0.997486 -3.658948 0.000000 0.000000 0.000000 1.000000
0.998580 0.047691 0.023750 0.970028 -0.049157 0.996640 0.065510 109.871758 -0.020546 -0.066584 0.997569 -3.588509 0.000000 0.000000 0.000000 1.000000
0.998601 0.047475 0.023278 0.966172 -0.048886 0.996731 0.064316 109.871819 -0.020149 -0.065364 0.997658 -3.517969 0.000000 0.000000 0.000000 1.000000
0.998621 0.047306 0.022783 0.963485 -0.048660 0.996820 0.063102 109.871170 -0.019726 -0.064124 0.997747 -3.448527 0.000000 0.000000 0.000000 1.000000
0.998635 0.047259 0.022240 0.963334 -0.048554 0.996903 0.061862 109.869362 -0.019247 -0.062857 0.997837 -3.382416 0.000000 0.000000 0.000000 1.000000
0.998647 0.047258 0.021685 0.964366 -0.048496 0.996981 0.060638 109.866562 -0.018753 -0.061608 0.997924 -3.318368 0.000000 0.000000 0.000000 1.000000
0.998649 0.047493 0.021082 0.973142 -0.048673 0.997041 0.059497 109.860413 -0.018194 -0.060443 0.998006 -3.263611 0.000000 0.000000 0.000000 1.000000
0.998645 0.047868 0.020435 0.984949 -0.048988 0.997091 0.058397 109.852112 -0.017581 -0.059319 0.998084 -3.213596 0.000000 0.000000 0.000000 1.000000
0.998641 0.048183 0.019876 1.001557 -0.049252 0.997140 0.057320 109.845459 -0.017058 -0.058221 0.998158 -3.165295 0.000000 0.000000 0.000000 1.000000
0.998642 0.048261 0.019649 1.035216 -0.049299 0.997195 0.056320 109.844910 -0.016876 -0.057212 0.998219 -3.122920 0.000000 0.000000 0.000000 1.000000
0.998646 0.047806 0.020506 1.109101 -0.048879 0.997263 0.055478 109.858543 -0.017798 -0.056405 0.998249 -3.091140 0.000000 0.000000 0.000000 1.000000
0.998651 0.047197 0.021646 1.193179 -0.048320 0.997334 0.054689 109.876495 -0.019007 -0.055661 0.998269 -3.061786 0.000000 0.000000 0.000000 1.000000
0.998649 0.046510 0.023171 1.287615 -0.047703 0.997406 0.053905 109.896332 -0.020604 -0.054938 0.998277 -3.034722 0.000000 0.000000 0.000000 1.000000
0.998632 0.045825 0.025187 1.392452 -0.047110 0.997478 0.053082 109.915726 -0.022691 -0.054196 0.998272 -3.009802 0.000000 0.000000 0.000000 1.000000
0.998579 0.045152 0.028319 1.517751 -0.046586 0.997548 0.052219 109.933212 -0.025891 -0.053464 0.998234 -2.989473 0.000000 0.000000 0.000000 1.000000
0.998478 0.044228 0.032960 1.666818 -0.045896 0.997609 0.051672 109.954155 -0.030596 -0.053106 0.998120 -2.976370 0.000000 0.000000 0.000000 1.000000
0.998348 0.043107 0.038000 1.819548 -0.045034 0.997662 0.051414 109.978218 -0.035695 -0.053040 0.997954 -2.965555 0.000000 0.000000 0.000000 1.000000
0.998195 0.041827 0.043104 1.973165 -0.044024 0.997710 0.051352 110.002235 -0.040857 -0.053157 0.997750 -2.955454 0.000000 0.000000 0.000000 1.000000
0.998060 0.040445 0.047341 2.138772 -0.042897 0.997727 0.051962 110.019547 -0.045132 -0.053892 0.997526 -2.947755 0.000000 0.000000 0.000000 1.000000
0.997923 0.039159 0.051143 2.309136 -0.041853 0.997733 0.052706 110.033920 -0.048963 -0.054737 0.997300 -2.940546 0.000000 0.000000 0.000000 1.000000
0.997797 0.038324 0.054148 2.485854 -0.041214 0.997727 0.053313 110.044014 -0.051982 -0.055427 0.997109 -2.932978 0.000000 0.000000 0.000000 1.000000
0.997710 0.038630 0.055512 2.674048 -0.041599 0.997709 0.053352 110.045639 -0.053324 -0.055539 0.997032 -2.923913 0.000000 0.000000 0.000000 1.000000
0.997627 0.039040 0.056717 2.863371 -0.042074 0.997691 0.053318 110.047729 -0.054504 -0.055578 0.996966 -2.915113 0.000000 0.000000 0.000000 1.000000
0.997554 0.039677 0.057549 3.054308 -0.042742 0.997678 0.053028 110.049561 -0.055311 -0.055358 0.996933 -2.908462 0.000000 0.000000 0.000000 1.000000
0.997539 0.041164 0.056766 3.244323 -0.044115 0.997685 0.051758 110.054886 -0.054504 -0.054135 0.997045 -2.914976 0.000000 0.000000 0.000000 1.000000
0.997539 0.042875 0.055470 3.432012 -0.045674 0.997693 0.050222 110.061806 -0.053188 -0.052632 0.997197 -2.926292 0.000000 0.000000 0.000000 1.000000
0.997556 0.044415 0.053948 3.613020 -0.047049 0.997710 0.048589 110.071411 -0.051666 -0.051008 0.997361 -2.936162 0.000000 0.000000 0.000000 1.000000
0.997595 0.045727 0.052086 3.786586 -0.048171 0.997748 0.046681 110.083321 -0.049834 -0.049078 0.997551 -2.938157 0.000000 0.000000 0.000000 1.000000
0.997642 0.047054 0.049967 3.953921 -0.049292 0.997790 0.044559 110.093140 -0.047760 -0.046917 0.997756 -2.932013 0.000000 0.000000 0.000000 1.000000
0.997693 0.048642 0.047362 4.106553 -0.050644 0.997832 0.042028 110.093269 -0.045215 -0.044330 0.997993 -2.907728 0.000000 0.000000 0.000000 1.000000
0.997724 0.050397 0.044802 4.254440 -0.052180 0.997854 0.039550 110.088791 -0.042713 -0.041797 0.998213 -2.882465 0.000000 0.000000 0.000000 1.000000
0.997743 0.052178 0.042264 4.401483 -0.053757 0.997863 0.037131 110.083801 -0.040236 -0.039319 0.998416 -2.856628 0.000000 0.000000 0.000000 1.000000
0.997748 0.053965 0.039837 4.546012 -0.055369 0.997852 0.035022 110.077682 -0.037862 -0.037148 0.998592 -2.829760 0.000000 0.000000 0.000000 1.000000
0.997734 0.055675 0.037787 4.684369 -0.056971 0.997792 0.034141 110.071884 -0.035803 -0.036217 0.998702 -2.797375 0.000000 0.000000 0.000000 1.000000
0.997725 0.057179 0.035723 4.824974 -0.058386 0.997726 0.033689 110.069206 -0.033716 -0.035698 0.998794 -2.761854 0.000000 0.000000 0.000000 1.000000
0.997712 0.058643 0.033655 4.965821 -0.059763 0.997656 0.033317 110.066849 -0.031622 -0.035252 0.998878 -2.725796 0.000000 0.000000 0.000000 1.000000
0.997692 0.060087 0.031616 5.106965 -0.061129 0.997581 0.033092 110.064819 -0.029552 -0.034948 0.998952 -2.689197 0.000000 0.000000 0.000000 1.000000
0.997661 0.061366 0.030103 5.244894 -0.062375 0.997480 0.033803 110.069931 -0.027952 -0.035602 0.998975 -2.657059 0.000000 0.000000 0.000000 1.000000
0.997622 0.062520 0.028994 5.380417 -0.063524 0.997363 0.035104 110.081490 -0.026723 -0.036862 0.998963 -2.629369 0.000000 0.000000 0.000000 1.000000
0.997579 0.063615 0.028077 5.514573 -0.064625 0.997236 0.036652 110.096146 -0.025668 -0.038377 0.998934 -2.604217 0.000000 0.000000 0.000000 1.000000
0.997534 0.064702 0.027195 5.648714 -0.065717 0.997106 0.038222 110.110222 -0.024644 -0.039915 0.998899 -2.579815 0.000000 0.000000 0.000000 1.000000
0.997486 0.065777 0.026376 5.783923 -0.066794 0.996975 0.039745 110.125130 -0.023682 -0.041407 0.998862 -2.556882 0.000000 0.000000 0.000000 1.000000
0.997434 0.066766 0.025843 5.925159 -0.067786 0.996862 0.040873 110.135124 -0.023033 -0.042520 0.998830 -2.542600 0.000000 0.000000 0.000000 1.000000
0.997387 0.067485 0.025770 6.070625 -0.068508 0.996802 0.041131 110.141983 -0.022912 -0.042789 0.998821 -2.541663 0.000000 0.000000 0.000000 1.000000
0.997346 0.068040 0.025914 6.216049 -0.069065 0.996771 0.040955 110.148598 -0.023044 -0.042636 0.998825 -2.546635 0.000000 0.000000 0.000000 1.000000
0.997305 0.068575 0.026076 6.361509 -0.069600 0.996745 0.040675 110.155136 -0.023202 -0.042380 0.998832 -2.552145 0.000000 0.000000 0.000000 1.000000
0.997264 0.069109 0.026229 6.506453 -0.070134 0.996718 0.040435 110.161636 -0.023349 -0.042164 0.998838 -2.557818 0.000000 0.000000 0.000000 1.000000
0.997225 0.069617 0.026364 6.650572 -0.070643 0.996691 0.040215 110.168045 -0.023477 -0.041966 0.998843 -2.564250 0.000000 0.000000 0.000000 1.000000
0.997196 0.070022 0.026391 6.788853 -0.071047 0.996665 0.040129 110.173866 -0.023493 -0.041892 0.998846 -2.573881 0.000000 0.000000 0.000000 1.000000
0.997192 0.070172 0.026146 6.913459 -0.071193 0.996644 0.040395 110.177933 -0.023223 -0.042143 0.998842 -2.591307 0.000000 0.000000 0.000000 1.000000
0.997189 0.070312 0.025894 7.036839 -0.071329 0.996623 0.040678 110.182426 -0.022946 -0.042410 0.998837 -2.609121 0.000000 0.000000 0.000000 1.000000
0.997186 0.070452 0.025641 7.160122 -0.071464 0.996602 0.040963 110.186508 -0.022668 -0.042680 0.998832 -2.627125 0.000000 0.000000 0.000000 1.000000
0.997178 0.070588 0.025543 7.269101 -0.071602 0.996579 0.041268 110.188416 -0.022542 -0.042981 0.998822 -2.646081 0.000000 0.000000 0.000000 1.000000
0.997164 0.070722 0.025735 7.357852 -0.071752 0.996555 0.041596 110.186028 -0.022704 -0.043324 0.998803 -2.667232 0.000000 0.000000 0.000000 1.000000
0.997147 0.070858 0.026024 7.438876 -0.071908 0.996529 0.041933 110.183945 -0.022963 -0.043685 0.998781 -2.689306 0.000000 0.000000 0.000000 1.000000
0.997128 0.070992 0.026393 7.513322 -0.072066 0.996503 0.042278 110.179977 -0.023299 -0.044059 0.998757 -2.712082 0.000000 0.000000 0.000000 1.000000
0.997107 0.071121 0.026811 7.581944 -0.072223 0.996477 0.042632 110.175354 -0.023684 -0.044445 0.998731 -2.734637 0.000000 0.000000 0.000000 1.000000
0.997087 0.071244 0.027248 7.645638 -0.072373 0.996451 0.042994 110.170319 -0.024088 -0.044841 0.998704 -2.756221 0.000000 0.000000 0.000000 1.000000
0.997067 0.071357 0.027674 7.706059 -0.072514 0.996424 0.043364 110.165352 -0.024481 -0.045244 0.998676 -2.776404 0.000000 0.000000 0.000000 1.000000
0.997049 0.071457 0.028059 7.763604 -0.072641 0.996398 0.043742 110.160721 -0.024833 -0.045651 0.998649 -2.794320 0.000000 0.000000 0.000000 1.000000
0.997038 0.071482 0.028372 7.811485 -0.072691 0.996377 0.044145 110.156601 -0.025114 -0.046077 0.998622 -2.807051 0.000000 0.000000 0.000000 1.000000
0.997032 0.071486 0.028596 7.829045 -0.072717 0.996354 0.044616 110.152596 -0.025302 -0.046563 0.998595 -2.807244 0.000000 0.000000 0.000000 1.000000
0.997027 0.071470 0.028794 7.838037 -0.072723 0.996332 0.045109 110.148689 -0.025464 -0.047069 0.998567 -2.804121 0.000000 0.000000 0.000000 1.000000
0.997024 0.071441 0.028973 7.841231 -0.072716 0.996309 0.045615 110.144783 -0.025607 -0.047586 0.998539 -2.798470 0.000000 0.000000 0.000000 1.000000
0.997022 0.071405 0.029144 7.841660 -0.072700 0.996287 0.046125 110.140869 -0.025742 -0.048107 0.998510 -2.791691 0.000000 0.000000 0.000000 1.000000
0.997020 0.071368 0.029301 7.840028 -0.072682 0.996267 0.046569 110.136497 -0.025868 -0.048560 0.998485 -2.781454 0.000000 0.000000 0.000000 1.000000
0.997018 0.071339 0.029433 7.835358 -0.072668 0.996254 0.046874 110.131302 -0.025979 -0.048873 0.998467 -2.764737 0.000000 0.000000 0.000000 1.000000
0.997015 0.071320 0.029561 7.829855 -0.072663 0.996242 0.047147 110.125755 -0.026087 -0.049155 0.998450 -2.746530 0.000000 0.000000 0.000000 1.000000
0.997012 0.071315 0.029688 7.824499 -0.072670 0.996228 0.047416 110.120529 -0.026195 -0.049432 0.998434 -2.728153 0.000000 0.000000 0.000000 1.000000
0.997008 0.071320 0.029814 7.818797 -0.072689 0.996214 0.047677 110.115150 -0.026301 -0.049702 0.998418 -2.709224 0.000000 0.000000 0.000000 1.000000
0.997003 0.071333 0.029937 7.812389 -0.072714 0.996201 0.047922 110.109749 -0.026405 -0.049955 0.998402 -2.689259 0.000000 0.000000 0.000000 1.000000
0.996999 0.071351 0.030036 7.802451 -0.072742 0.996191 0.048090 110.104729 -0.026490 -0.050131 0.998391 -2.661152 0.000000 0.000000 0.000000 1.000000
0.996995 0.071371 0.030115 7.788579 -0.072769 0.996184 0.048180 110.099960 -0.026561 -0.050227 0.998385 -2.621722 0.000000 0.000000 0.000000 1.000000
0.996992 0.071388 0.030186 7.773906 -0.072790 0.996179 0.048255 110.096222 -0.026626 -0.050307 0.998379 -2.580139 0.000000 0.000000 0.000000 1.000000
0.996989 0.071396 0.030255 7.759140 -0.072805 0.996175 0.048327 110.092133 -0.026689 -0.050384 0.998373 -2.537493 0.000000 0.000000 0.000000 1.000000
0.996987 0.071394 0.030318 7.744068 -0.072807 0.996171 0.048400 110.088203 -0.026746 -0.050461 0.998368 -2.494289 0.000000 0.000000 0.000000 1.000000
0.996987 0.071378 0.030364 7.728897 -0.072795 0.996169 0.048448 110.084549 -0.026790 -0.050513 0.998364 -2.450255 0.000000 0.000000 0.000000 1.000000
0.996989 0.071325 0.030437 7.712979 -0.072746 0.996171 0.048481 110.082840 -0.026863 -0.050549 0.998360 -2.399125 0.000000 0.000000 0.000000 1.000000
0.997009 0.070996 0.030554 7.689746 -0.072424 0.996194 0.048491 110.082199 -0.026995 -0.050559 0.998356 -2.346968 0.000000 0.000000 0.000000 1.000000
0.997034 0.070605 0.030626 7.667308 -0.072036 0.996225 0.048443 110.082054 -0.027090 -0.050506 0.998356 -2.293338 0.000000 0.000000 0.000000 1.000000
0.997064 0.070158 0.030688 7.644028 -0.071589 0.996262 0.048338 110.082207 -0.027182 -0.050393 0.998359 -2.239341 0.000000 0.000000 0.000000 1.000000
0.997096 0.069660 0.030783 7.618864 -0.071095 0.996300 0.048279 110.082237 -0.027306 -0.050328 0.998359 -2.186578 0.000000 0.000000 0.000000 1.000000
0.997128 0.069119 0.030953 7.590844 -0.070562 0.996339 0.048260 110.081200 -0.027504 -0.050305 0.998355 -2.136281 0.000000 0.000000 0.000000 1.000000
0.997159 0.068541 0.031237 7.559081 -0.070000 0.996377 0.048298 110.081085 -0.027813 -0.050348 0.998344 -2.089569 0.000000 0.000000 0.000000 1.000000
0.997187 0.067931 0.031680 7.522250 -0.069419 0.996408 0.048503 110.079285 -0.028271 -0.050566 0.998321 -2.048055 0.000000 0.000000 0.000000 1.000000
0.997209 0.067295 0.032322 7.478734 -0.068827 0.996430 0.048889 110.076263 -0.028916 -0.050977 0.998281 -2.012806 0.000000 0.000000 0.000000 1.000000
0.997220 0.066570 0.033474 7.419354 -0.068187 0.996432 0.049731 110.069489 -0.030044 -0.051875 0.998202 -1.994075 0.000000 0.000000 0.000000 1.000000
0.997222 0.065671 0.035153 7.340834 -0.067421 0.996413 0.051146 110.061867 -0.031668 -0.053374 0.998072 -1.993644 0.000000 0.000000 0.000000 1.000000
0.997220 0.064746 0.036891 7.260089 -0.066640 0.996388 0.052639 110.053246 -0.033349 -0.054951 0.997932 -1.995660 0.000000 0.000000 0.000000 1.000000
0.997210 0.063841 0.038688 7.176114 -0.065888 0.996357 0.054153 110.043671 -0.035090 -0.056551 0.997783 -2.000442 0.000000 0.000000 0.000000 1.000000
0.997181 0.063145 0.040542 7.079075 -0.065342 0.996326 0.055362 110.029068 -0.036897 -0.057855 0.997643 -2.018218 0.000000 0.000000 0.000000 1.000000
0.997144 0.062511 0.042381 6.978531 -0.064858 0.996296 0.056458 110.013222 -0.038694 -0.059045 0.997505 -2.039707 0.000000 0.000000 0.000000 1.000000
0.997105 0.061943 0.044097 6.875312 -0.064428 0.996272 0.057360 109.997345 -0.040379 -0.060035 0.997379 -2.064348 0.000000 0.000000 0.000000 1.000000
0.997067 0.061424 0.045661 6.771072 -0.064035 0.996255 0.058098 109.982277 -0.041922 -0.060851 0.997266 -2.090692 0.000000 0.000000 0.000000 1.000000
0.997042 0.061005 0.046749 6.667112 -0.063698 0.996255 0.058469 109.971329 -0.043007 -0.061273 0.997194 -2.119523 0.000000 0.000000 0.000000 1.000000
0.997029 0.060653 0.047486 6.561674 -0.063407 0.996253 0.058823 109.961266 -0.043740 -0.061659 0.997138 -2.148939 0.000000 0.000000 0.000000 1.000000
0.997071 0.060054 0.047351 6.448384 -0.062796 0.996298 0.058706 109.948593 -0.043650 -0.061508 0.997152 -2.174163 0.000000 0.000000 0.000000 1.000000
0.997130 0.059404 0.046928 6.334735 -0.062107 0.996358 0.058425 109.937332 -0.043287 -0.061172 0.997188 -2.197794 0.000000 0.000000 0.000000 1.000000
0.997203 0.058842 0.046084 6.227827 -0.061479 0.996419 0.058046 109.930603 -0.042503 -0.060717 0.997250 -2.219199 0.000000 0.000000 0.000000 1.000000
0.997271 0.058428 0.045123 6.125222 -0.060994 0.996466 0.057750 109.926682 -0.041589 -0.060344 0.997311 -2.237367 0.000000 0.000000 0.000000 1.000000
0.997311 0.058031 0.044761 6.024765 -0.060577 0.996490 0.057781 109.922966 -0.041251 -0.060337 0.997325 -2.253253 0.000000 0.000000 0.000000 1.000000
0.997332 0.057591 0.044866 5.925752 -0.060155 0.996498 0.058070 109.920319 -0.041365 -0.060614 0.997304 -2.268960 0.000000 0.000000 0.000000 1.000000
0.997342 0.057133 0.045230 5.827300 -0.059736 0.996500 0.058481 109.917465 -0.041730 -0.061028 0.997263 -2.284311 0.000000 0.000000 0.000000 1.000000
0.997344 0.056665 0.045770 5.729712 -0.059321 0.996498 0.058937 109.914536 -0.042270 -0.061496 0.997212 -2.298758 0.000000 0.000000 0.000000 1.000000
0.997342 0.056195 0.046387 5.632576 -0.058910 0.996496 0.059381 109.911232 -0.042887 -0.061956 0.997157 -2.312624 0.000000 0.000000 0.000000 1.000000
0.997335 0.055733 0.047080 5.536252 -0.058506 0.996498 0.059732 109.906509 -0.043586 -0.062327 0.997104 -2.324817 0.000000 0.000000 0.000000 1.000000
0.997328 0.055284 0.047758 5.440178 -0.058109 0.996510 0.059923 109.901817 -0.044279 -0.062538 0.997060 -2.335222 0.000000 0.000000 0.000000 1.000000
0.997322 0.054800 0.048434 5.346194 -0.057669 0.996533 0.059966 109.895714 -0.044980 -0.062599 0.997025 -2.340299 0.000000 0.000000 0.000000 1.000000
0.997318 0.054307 0.049059 5.253281 -0.057215 0.996559 0.059969 109.889084 -0.045634 -0.062615 0.996994 -2.343809 0.000000 0.000000 0.000000 1.000000
0.997337 0.053826 0.049217 5.167905 -0.056744 0.996587 0.059953 109.883720 -0.045822 -0.062586 0.996987 -2.344325 0.000000 0.000000 0.000000 1.000000
0.997379 0.053377 0.048843 5.091852 -0.056269 0.996618 0.059885 109.878746 -0.045481 -0.062476 0.997010 -2.341229 0.000000 0.000000 0.000000 1.000000
0.997434 0.052957 0.048179 5.021239 -0.055802 0.996652 0.059752 109.873543 -0.044854 -0.062287 0.997050 -2.336110 0.000000 0.000000 0.000000 1.000000
0.997489 0.052543 0.047485 4.951706 -0.055338 0.996687 0.059605 109.868210 -0.044196 -0.062083 0.997092 -2.330712 0.000000 0.000000 0.000000 1.000000
0.997544 0.052131 0.046776 4.882439 -0.054876 0.996722 0.059453 109.862801 -0.043524 -0.061874 0.997135 -2.325168 0.000000 0.000000 0.000000 1.000000
0.997600 0.051725 0.046032 4.814176 -0.054417 0.996756 0.059290 109.857208 -0.042816 -0.061653 0.997179 -2.319427 0.000000 0.000000 0.000000 1.000000
0.997661 0.051363 0.045093 4.752058 -0.053990 0.996791 0.059107 109.851166 -0.041912 -0.061403 0.997233 -2.310864 0.000000 0.000000 0.000000 1.000000
0.997727 0.051038 0.044009 4.695224 -0.053591 0.996823 0.058922 109.845169 -0.040862 -0.061147 0.997292 -2.299664 0.000000 0.000000 0.000000 1.000000
0.997792 0.050727 0.042861 4.640464 -0.053202 0.996855 0.058731 109.839043 -0.039747 -0.060882 0.997353 -2.287444 0.000000 0.000000 0.000000 1.000000
0.997858 0.050427 0.041679 4.587602 -0.052823 0.996886 0.058549 109.833130 -0.038597 -0.060625 0.997414 -2.274230 0.000000 0.000000 0.000000 1.000000
0.997921 0.050134 0.040496 4.536200 -0.052453 0.996915 0.058391 109.827675 -0.037443 -0.060394 0.997472 -2.260021 0.000000 0.000000 0.000000 1.000000
0.997982 0.049844 0.039341 4.485223 -0.052090 0.996941 0.058273 109.823029 -0.036316 -0.060204 0.997525 -2.244729 0.000000 0.000000 0.000000 1.000000
0.998039 0.049556 0.038247 4.434730 -0.051733 0.996963 0.058209 109.819565 -0.035246 -0.060074 0.997571 -2.228193 0.000000 0.000000 0.000000 1.000000
0.998091 0.049264 0.037245 4.383839 -0.051381 0.996981 0.058216 109.817520 -0.034265 -0.060019 0.997609 -2.210478 0.000000 0.000000 0.000000 1.000000
0.998117 0.049130 0.036737 4.343491 -0.051212 0.996997 0.058081 109.817657 -0.033773 -0.059853 0.997636 -2.191237 0.000000 0.000000 0.000000 1.000000
0.998132 0.049060 0.036420 4.307219 -0.051116 0.997014 0.057879 109.818283 -0.033471 -0.059633 0.997659 -2.171504 0.000000 0.000000 0.000000 1.000000
0.998145 0.049003 0.036141 4.271604 -0.051037 0.997030 0.057668 109.819740 -0.033208 -0.059406 0.997681 -2.151577 0.000000 0.000000 0.000000 1.000000
0.998157 0.048952 0.035874 4.236639 -0.050962 0.997047 0.057446 109.821434 -0.032956 -0.059169 0.997704 -2.131726 0.000000 0.000000 0.000000 1.000000
