<?xml version="1.0" encoding="utf-8"?>
<COLLADA xmlns="http://www.collada.org/2005/11/COLLADASchema" version="1.4.1">
  <asset>
    <contributor>
      <author>Mixamo</author>
      <authoring_tool>COLLADA Mixamo exporter</authoring_tool>
      <comments/>
    </contributor>
    <created>2023-10-13T19:56:25Z</created>
    <modified>2023-10-13T19:56:25Z</modified>
    <revision/>
    <title/>
    <unit meter="0.010000"/>
    <up_axis>Y_UP</up_axis>
  </asset>
  <library_animations>
    <animation id="mixamorig_Hips-anim" name="mixamorig_Hips">
      <source id="mixamorig_Hips-Matrix-animation-input">
        <float_array id="mixamorig_Hips-Matrix-animation-input-array" count="18">

0.000000 0.033333 0.066667 0.100000 0.133333 0.166667 0.200000 0.233333 0.266667 0.300000 0.333333 0.366667 0.400000 0.433333 0.466667 0.500000
0.533333 0.566667</float_array>
        <technique_common>
          <accessor source="#mixamorig_Hips-Matrix-animation-input-array" count="18">
            <param name="TIME" type="float"/>
          </accessor>
        </technique_common>
      </source>
      <source id="mixamorig_Hips-Matrix-animation-output-transform">
        <float_array id="mixamorig_Hips-Matrix-animation-output-transform-array" count="288">

0.985125 0.050409 -0.164279 0.035372 -0.084000 0.975265 -0.204456 99.442505 0.149909 0.215214 0.964992 0.411437 0.000000 0.000000 0.000000 1.000000
0.995453 -0.055090 -0.077709 -0.443340 0.038032 0.977810 -0.206013 100.872902 0.087334 0.202120 0.975459 -0.072050 0.000000 0.000000 0.000000 1.000000
0.989575 -0.144007 0.001560 -0.846404 0.141201 0.968050 -0.207222 101.968437 0.028332 0.205282 0.978293 0.434767 0.000000 0.000000 0.000000 1.000000
0.988220 -0.152318 0.014833 -1.701859 0.151839 0.963746 -0.219406 101.922653 0.019124 0.219073 0.975521 0.181138 0.000000 0.000000 0.000000 1.000000
0.996307 -0.079966 0.031277 -2.425377 0.084745 0.974400 -0.208238 102.391739 -0.013825 0.210119 0.977578 0.239591 0.000000 0.000000 0.000000 1.000000
0.996308 -0.041151 0.075342 -2.807757 0.054005 0.982650 -0.177431 101.282600 -0.066733 0.180845 0.981245 0.038590 0.000000 0.000000 0.000000 1.000000
0.994211 -0.040162 0.099659 -2.714469 0.057216 0.982965 -0.174660 98.415688 -0.090946 0.179351 0.979572 -0.874882 0.000000 0.000000 0.000000 1.000000
0.992082 -0.051101 0.114730 -2.520908 0.073936 0.976051 -0.204594 96.686356 -0.101527 0.211457 0.972100 -2.895508 0.000000 0.000000 0.000000 1.000000
0.991079 -0.041076 0.126791 -2.606592 0.069780 0.970434 -0.231059 96.630852 -0.113551 0.237845 0.964643 -4.253257 0.000000 0.000000 0.000000 1.000000
0.996528 -0.003778 0.083170 -2.537788 0.022887 0.972915 -0.230028 98.400200 -0.080048 0.231133 0.969623 -3.497535 0.000000 0.000000 0.000000 1.000000
0.996371 0.085116 -0.000445 -2.124411 -0.083176 0.972526 -0.217426 99.846344 -0.018074 0.216674 0.976077 -2.653833 0.000000 0.000000 0.000000 1.000000
0.990145 0.120795 -0.070865 -1.759948 -0.133977 0.964370 -0.228122 101.797615 0.040784 0.235368 0.971050 -1.856782 0.000000 0.000000 0.000000 1.000000
0.992245 0.067538 -0.104348 -1.334190 -0.090760 0.967266 -0.236979 104.152954 0.084927 0.244612 0.965895 0.168008 0.000000 0.000000 0.000000 1.000000
0.993709 0.047296 -0.101517 -0.720157 -0.066783 0.977900 -0.198119 103.641609 0.089904 0.203653 0.974907 1.310484 0.000000 0.000000 0.000000 1.000000
0.988610 0.064140 -0.136148 -0.459938 -0.087145 0.981516 -0.170387 102.207314 0.122703 0.180311 0.975926 1.422837 0.000000 0.000000 0.000000 1.000000
0.979679 0.086178 -0.181117 -0.271750 -0.119781 0.975662 -0.183673 99.673477 0.160881 0.201635 0.966158 0.715515 0.000000 0.000000 0.000000 1.000000
0.976321 0.075216 -0.202832 0.024652 -0.115892 0.973568 -0.196811 98.069725 0.182667 0.215657 0.959231 0.065283 0.000000 0.000000 0.000000 1.000000
0.985125 0.050409 -0.164279 0.035372 -0.084000 0.975265 -0.204456 99.442505 0.149909 0.215214 0.964992 0.411438 0.000000 0.000000 0.000000 1.000000</float_array>
        <technique_common>
          <accessor source="#mixamorig_Hips-Matrix-animation-output-transform-array" count="18" stride="16">
            <param type="float4x4"/>
          </accessor>
        </technique_common>
      </source>
      <source id="mixamorig_Hips-Interpolations">
        <Name_array id="mixamorig_Hips-Interpolations-array" count="18">
 LINEAR LINEAR LINEAR LINEAR LINEAR LINEAR LINEAR LINEAR LINEAR LINEAR LINEAR
LINEAR LINEAR LINEAR LINEAR LINEAR LINEAR LINEAR</Name_array>
        <technique_common>
          <accessor source="#mixamorig_Hips-Interpolations-array" count="18">
            <param type="name"/>
          </accessor>
        </technique_common>
      </source>
      <sampler id="mixamorig_Hips-Matrix-animation-transform">
        <input semantic="INPUT" source="#mixamorig_Hips-Matrix-animation-input"/>
        <input semantic="OUTPUT" source="#mixamorig_Hips-Matrix-animation-output-transform"/>
        <input semantic="INTERPOLATION" source="#mixamorig_Hips-Interpolations"/>
      </sampler>
      <channel source="#mixamorig_Hips-Matrix-animation-transform" target="mixamorig_Hips/matrix"/>
    </animation>
    <animation id="mixamorig_Spine-anim" name="mixamorig_Spine">
      <source id="mixamorig_Spine-Matrix-animation-input">
        <float_array id="mixamorig_Spine-Matrix-animation-input-array" count="18">

0.000000 0.033333 0.066667 0.100000 0.133333 0.166667 0.200000 0.233333 0.266667 0.300000 0.333333 0.366667 0.400000 0.433333 0.466667 0.500000
0.533333 0.566667</float_array>
        <technique_common>
          <accessor source="#mixamorig_Spine-Matrix-animation-input-array" count="18">
            <param name="TIME" type="float"/>
          </accessor>
        </technique_common>
      </source>
      <source id="mixamorig_Spine-Matrix-animation-output-transform">
        <float_array id="mixamorig_Spine-Matrix-animation-output-transform-array" count="288">

0.987537 -0.117934 0.104219 0.000400 0.127881 0.987273 -0.094547 10.664600 -0.091742 0.106697 0.990050 -0.060300 0.000000 0.000000 0.000000 1.000000
0.996785 -0.021315 0.077232 0.000400 0.029412 0.994009 -0.105271 10.664600 -0.074526 0.107204 0.991440 -0.060300 0.000000 0.000000 0.000000 1.000000
0.993924 0.075520 0.080068 0.000400 -0.066172 0.991322 -0.113583 10.664600 -0.087951 0.107595 0.990297 -0.060300 0.000000 0.000000 0.000000 1.000000
0.988366 0.116262 0.098062 0.000400 -0.105747 0.988688 -0.106368 10.664600 -0.109319 0.094761 0.989480 -0.060300 0.000000 0.000000 0.000000 1.000000
0.994848 0.074107 0.069181 0.000400 -0.067325 0.993132 -0.095687 10.664600 -0.075797 0.090536 0.993005 -0.060300 0.000000 0.000000 0.000000 1.000000
0.998404 0.056260 0.004979 0.000400 -0.055432 0.992965 -0.104628 10.664600 -0.010831 0.104185 0.994499 -0.060300 0.000000 0.000000 0.000000 1.000000
0.997116 0.065913 -0.037627 0.000400 -0.069322 0.992775 -0.097938 10.664600 0.030899 0.100264 0.994481 -0.060300 0.000000 0.000000 0.000000 1.000000
0.994177 0.081571 -0.070411 0.000400 -0.087255 0.992820 -0.081825 10.664600 0.063231 0.087493 0.994156 -0.060300 0.000000 0.000000 0.000000 1.000000
0.991029 0.076931 -0.109281 0.000400 -0.085239 0.993646 -0.073501 10.664600 0.102932 0.082157 0.991290 -0.060300 0.000000 0.000000 0.000000 1.000000
0.990603 0.037638 -0.131487 0.000400 -0.047893 0.995978 -0.075721 10.664600 0.128108 0.081307 0.988422 -0.060300 0.000000 0.000000 0.000000 1.000000
0.988217 -0.069975 -0.136130 0.000400 0.057122 0.993728 -0.096138 10.664600 0.142004 0.087230 0.986015 -0.060300 0.000000 0.000000 0.000000 1.000000
0.982825 -0.132404 -0.128546 0.000400 0.121095 0.988353 -0.092165 10.664600 0.139252 0.075016 0.987411 -0.060300 0.000000 0.000000 0.000000 1.000000
0.989251 -0.106033 -0.100693 0.000400 0.099527 0.992737 -0.067590 10.664600 0.107129 0.056842 0.992619 -0.060300 0.000000 0.000000 0.000000 1.000000
0.991177 -0.109087 -0.075282 0.000400 0.102225 0.990711 -0.089674 10.664600 0.084365 0.081188 0.993122 -0.060300 0.000000 0.000000 0.000000 1.000000
0.990706 -0.134717 -0.018789 0.000400 0.132175 0.986081 -0.100870 10.664600 0.032116 0.097449 0.994722 -0.060300 0.000000 0.000000 0.000000 1.000000
0.987610 -0.152248 0.038040 0.000400 0.155024 0.984176 -0.085825 10.664600 -0.024371 0.090658 0.995584 -0.060300 0.000000 0.000000 0.000000 1.000000
0.986953 -0.138841 0.081534 0.000400 0.145873 0.985403 -0.087765 10.664600 -0.068158 0.098514 0.992799 -0.060300 0.000000 0.000000 0.000000 1.000000
0.987537 -0.117934 0.104219 0.000400 0.127881 0.987273 -0.094547 10.664600 -0.091742 0.106697 0.990050 -0.060300 0.000000 0.000000 0.000000 1.000000</float_array>
        <technique_common>
          <accessor source="#mixamorig_Spine-Matrix-animation-output-transform-array" count="18" stride="16">
            <param type="float4x4"/>
          </accessor>
        </technique_common>
      </source>
      <source id="mixamorig_Spine-Interpolations">
        <Name_array id="mixamorig_Spine-Interpolations-array" count="18">
 LINEAR LINEAR LINEAR LINEAR LINEAR LINEAR LINEAR LINEAR LINEAR LINEAR LINEAR
LINEAR LINEAR LINEAR LINEAR LINEAR LINEAR LINEAR</Name_array>
        <technique_common>
          <accessor source="#mixamorig_Spine-Interpolations-array" count="18">
            <param type="name"/>
          </accessor>
        </technique_common>
      </source>
      <sampler id="mixamorig_Spine-Matrix-animation-transform">
        <input semantic="INPUT" source="#mixamorig_Spine-Matrix-animation-input"/>
        <input semantic="OUTPUT" source="#mixamorig_Spine-Matrix-animation-output-transform"/>
        <input semantic="INTERPOLATION" source="#mixamorig_Spine-Interpolations"/>
      </sampler>
      <channel source="#mixamorig_Spine-Matrix-animation-transform" target="mixamorig_Spine/matrix"/>
    </animation>
    <animation id="mixamorig_Spine1-anim" name="mixamorig_Spine1">
      <source id="mixamorig_Spine1-Matrix-animation-input">
        <float_array id="mixamorig_Spine1-Matrix-animation-input-array" count="18">

0.000000 0.033333 0.066667 0.100000 0.133333 0.166667 0.200000 0.233333 0.266667 0.300000 0.333333 0.366667 0.400000 0.433333 0.466667 0.500000
0.533333 0.566667</float_array>
        <technique_common>
          <accessor source="#mixamorig_Spine1-Matrix-animation-input-array" count="18">
            <param name="TIME" type="float"/>
          </accessor>
        </technique_common>
      </source>
      <source id="mixamorig_Spine1-Matrix-animation-output-transform">
        <float_array id="mixamorig_Spine1-Matrix-animation-output-transform-array" count="288">

0.998994 -0.012719 0.042994 0.000000 0.005589 0.986767 0.162046 11.673000 -0.044486 -0.161643 0.985846 -0.000000 0.000000 0.000000 0.000000 1.000000
0.998995 0.008278 0.044058 -0.000000 -0.015346 0.986573 0.162596 11.673000 -0.042121 -0.163109 0.985709 -0.000000 0.000000 0.000000 0.000000 1.000000
0.998283 0.024613 0.053155 0.000000 -0.033085 0.985752 0.164919 11.673000 -0.048339 -0.166394 0.984874 0.000000 0.000000 0.000000 0.000000 1.000000
0.998657 0.024268 0.045766 0.000000 -0.031815 0.984553 0.172169 11.673000 -0.040881 -0.173394 0.984004 -0.000000 0.000000 0.000000 0.000000 1.000000
0.999470 0.016757 0.027917 0.000000 -0.021482 0.983680 0.178641 11.673000 -0.024468 -0.179146 0.983518 0.000000 0.000000 0.000000 0.000000 1.000000
0.999675 0.019520 0.016399 0.000000 -0.022089 0.984345 0.174861 11.673000 -0.012729 -0.175167 0.984457 0.000000 0.000000 0.000000 0.000000 1.000000
0.999569 0.027878 0.009150 0.000000 -0.029050 0.984098 0.175234 11.673000 -0.004119 -0.175425 0.984484 0.000000 0.000000 0.000000 0.000000 1.000000
0.999297 0.035557 -0.011905 -0.000000 -0.032898 0.983717 0.176686 11.673000 0.017993 -0.176170 0.984195 -0.000000 0.000000 0.000000 0.000000 1.000000
0.998774 0.034384 -0.035599 0.000000 -0.027549 0.983776 0.177273 11.673000 0.041117 -0.176075 0.983518 -0.000000 0.000000 0.000000 0.000000 1.000000
0.998608 0.021854 -0.047997 0.000000 -0.012894 0.983655 0.179600 11.673000 0.051138 -0.178731 0.982568 0.000000 0.000000 0.000000 0.000000 1.000000
0.998725 0.003774 -0.050342 0.000000 0.005127 0.984464 0.175509 11.673000 0.050222 -0.175544 0.983190 -0.000000 0.000000 0.000000 0.000000 1.000000
0.998833 -0.003443 -0.048172 0.000000 0.011957 0.984030 0.177602 11.673000 0.046791 -0.177970 0.982923 0.000000 0.000000 0.000000 0.000000 1.000000
0.999285 0.000015 -0.037814 0.000000 0.007156 0.981853 0.189509 11.673000 0.037131 -0.189644 0.981151 0.000000 0.000000 0.000000 0.000000 1.000000
0.999638 0.002155 -0.026832 -0.000000 0.002733 0.983510 0.180831 11.673000 0.026779 -0.180839 0.983148 0.000000 0.000000 0.000000 0.000000 1.000000
0.999875 -0.002564 -0.015595 0.000000 0.005195 0.985247 0.171059 11.673000 0.014926 -0.171119 0.985137 0.000000 0.000000 0.000000 0.000000 1.000000
0.999881 -0.014360 0.005603 0.000000 0.013192 0.985217 0.170801 11.673000 -0.007973 -0.170707 0.985290 0.000000 0.000000 0.000000 0.000000 1.000000
0.999371 -0.019331 0.029730 0.000000 0.014130 0.986000 0.166147 11.673000 -0.032525 -0.165622 0.985653 -0.000000 0.000000 0.000000 0.000000 1.000000
0.998994 -0.012719 0.042994 0.000000 0.005589 0.986767 0.162046 11.673000 -0.044486 -0.161643 0.985846 0.000000 0.000000 0.000000 0.000000 1.000000</float_array>
        <technique_common>
          <accessor source="#mixamorig_Spine1-Matrix-animation-output-transform-array" count="18" stride="16">
            <param type="float4x4"/>
          </accessor>
        </technique_common>
      </source>
      <source id="mixamorig_Spine1-Interpolations">
        <Name_array id="mixamorig_Spine1-Interpolations-array" count="18">
 LINEAR LINEAR LINEAR LINEAR LINEAR LINEAR LINEAR LINEAR LINEAR LINEAR LINEAR
LINEAR LINEAR LINEAR LINEAR LINEAR LINEAR LINEAR</Name_array>
        <technique_common>
          <accessor source="#mixamorig_Spine1-Interpolations-array" count="18">
            <param type="name"/>
          </accessor>
        </technique_common>
      </source>
      <sampler id="mixamorig_Spine1-Matrix-animation-transform">
        <input semantic="INPUT" source="#mixamorig_Spine1-Matrix-animation-input"/>
        <input semantic="OUTPUT" source="#mixamorig_Spine1-Matrix-animation-output-transform"/>
        <input semantic="INTERPOLATION" source="#mixamorig_Spine1-Interpolations"/>
      </sampler>
      <channel source="#mixamorig_Spine1-Matrix-animation-transform" target="mixamorig_Spine1/matrix"/>
    </animation>
    <animation id="mixamorig_Spine2-anim" name="mixamorig_Spine2">
      <source id="mixamorig_Spine2-Matrix-animation-input">
        <float_array id="mixamorig_Spine2-Matrix-animation-input-array" count="18">

0.000000 0.033333 0.066667 0.100000 0.133333 0.166667 0.200000 0.233333 0.266667 0.300000 0.333333 0.366667 0.400000 0.433333 0.466667 0.500000
0.533333 0.566667</float_array>
        <technique_common>
          <accessor source="#mixamorig_Spine2-Matrix-animation-input-array" count="18">
            <param name="TIME" type="float"/>
          </accessor>
        </technique_common>
      </source>
      <source id="mixamorig_Spine2-Matrix-animation-output-transform">
        <float_array id="mixamorig_Spine2-Matrix-animation-output-transform-array" count="288">

0.998121 -0.050180 0.035169 -0.000000 0.053814 0.992318 -0.111400 14.006800 -0.029309 0.113083 0.993153 -0.000000 0.000000 0.000000 0.000000 1.000000
0.998891 -0.029867 0.036393 -0.000000 0.033731 0.993286 -0.110659 14.006800 -0.032843 0.111763 0.993192 0.000000 0.000000 0.000000 0.000000 1.000000
0.998890 -0.013315 0.045177 -0.000000 0.018140 0.993971 -0.108133 14.006800 -0.043465 0.108833 0.993109 0.000000 0.000000 0.000000 0.000000 1.000000
0.999217 -0.013970 0.037013 -0.000000 0.017657 0.994706 -0.101237 14.006800 -0.035403 0.101812 0.994174 0.000000 0.000000 0.000000 0.000000 1.000000
0.999587 -0.021570 0.018982 0.000000 0.023274 0.995237 -0.094670 14.006800 -0.016849 0.095073 0.995328 0.000000 0.000000 0.000000 0.000000 1.000000
0.999809 -0.018094 0.007410 -0.000000 0.018734 0.995000 -0.098099 14.006800 -0.005598 0.098219 0.995149 0.000000 0.000000 0.000000 0.000000 1.000000
0.999956 -0.009360 0.000359 0.000000 0.009351 0.995206 -0.097352 14.006800 0.000554 0.097351 0.995250 0.000000 0.000000 0.000000 0.000000 1.000000
0.999790 -0.002571 -0.020326 0.000000 0.000609 0.995388 -0.095927 14.006800 0.020478 0.095895 0.995181 0.000000 0.000000 0.000000 0.000000 1.000000
0.999025 -0.003927 -0.043968 -0.000000 -0.000277 0.995459 -0.095191 14.006800 0.044142 0.095110 0.994488 0.000000 0.000000 0.000000 0.000000 1.000000
0.998273 -0.016232 -0.056451 -0.000000 0.010948 0.995635 -0.092683 14.006800 0.057709 0.091905 0.994094 0.000000 0.000000 0.000000 0.000000 1.000000
0.997722 -0.033734 -0.058427 0.000000 0.027949 0.994877 -0.097149 14.006800 0.061405 0.095295 0.993553 0.000000 0.000000 0.000000 0.000000 1.000000
0.997582 -0.040666 -0.056365 0.000000 0.035188 0.994857 -0.094981 14.006800 0.059938 0.092768 0.993882 -0.000000 0.000000 0.000000 0.000000 1.000000
0.998233 -0.037709 -0.045933 0.000000 0.033818 0.995999 -0.082720 14.006800 0.048868 0.081021 0.995514 -0.000000 0.000000 0.000000 0.000000 1.000000
0.998760 -0.035689 -0.034719 0.000000 0.032378 0.995264 -0.091656 14.006800 0.037826 0.090418 0.995185 -0.000000 0.000000 0.000000 0.000000 1.000000
0.998916 -0.040348 -0.023216 -0.000000 0.037786 0.994086 -0.101813 14.006800 0.027187 0.100825 0.994533 0.000000 0.000000 0.000000 0.000000 1.000000
0.998651 -0.051893 -0.001909 0.000000 0.051425 0.993414 -0.102390 14.006800 0.007210 0.102153 0.994743 0.000000 0.000000 0.000000 0.000000 1.000000
0.998164 -0.056465 0.021905 0.000000 0.058500 0.992497 -0.107370 14.006800 -0.015678 0.108454 0.993978 0.000000 0.000000 0.000000 0.000000 1.000000
0.998121 -0.050180 0.035169 0.000000 0.053814 0.992318 -0.111400 14.006800 -0.029309 0.113083 0.993153 -0.000000 0.000000 0.000000 0.000000 1.000000</float_array>
        <technique_common>
          <accessor source="#mixamorig_Spine2-Matrix-animation-output-transform-array" count="18" stride="16">
            <param type="float4x4"/>
          </accessor>
        </technique_common>
      </source>
      <source id="mixamorig_Spine2-Interpolations">
        <Name_array id="mixamorig_Spine2-Interpolations-array" count="18">
 LINEAR LINEAR LINEAR LINEAR LINEAR LINEAR LINEAR LINEAR LINEAR LINEAR LINEAR
LINEAR LINEAR LINEAR LINEAR LINEAR LINEAR LINEAR</Name_array>
        <technique_common>
          <accessor source="#mixamorig_Spine2-Interpolations-array" count="18">
            <param type="name"/>
          </accessor>
        </technique_common>
      </source>
      <sampler id="mixamorig_Spine2-Matrix-animation-transform">
        <input semantic="INPUT" source="#mixamorig_Spine2-Matrix-animation-input"/>
        <input semantic="OUTPUT" source="#mixamorig_Spine2-Matrix-animation-output-transform"/>
        <input semantic="INTERPOLATION" source="#mixamorig_Spine2-Interpolations"/>
      </sampler>
      <channel source="#mixamorig_Spine2-Matrix-animation-transform" target="mixamorig_Spine2/matrix"/>
    </animation>
    <animation id="mixamorig_Neck-anim" name="mixamorig_Neck">
      <source id="mixamorig_Neck-Matrix-animation-input">
        <float_array id="mixamorig_Neck-Matrix-animation-input-array" count="18">

0.000000 0.033333 0.066667 0.100000 0.133333 0.166667 0.200000 0.233333 0.266667 0.300000 0.333333 0.366667 0.400000 0.433333 0.466667 0.500000
0.533333 0.566667</float_array>
        <technique_common>
          <accessor source="#mixamorig_Neck-Matrix-animation-input-array" count="18">
            <param name="TIME" type="float"/>
          </accessor>
        </technique_common>
      </source>
      <source id="mixamorig_Neck-Matrix-animation-output-transform">
        <float_array id="mixamorig_Neck-Matrix-animation-output-transform-array" count="288">

0.999105 0.038887 0.016662 0.027800 -0.038827 0.999238 -0.003921 18.914400 -0.016802 0.003271 0.999853 -0.032000 0.000000 0.000000 0.000000 1.000000
0.998198 0.059940 0.002640 0.027800 -0.059975 0.998064 0.016471 18.914400 -0.001648 -0.016599 0.999861 -0.032000 0.000000 0.000000 0.000000 1.000000
0.996910 0.078287 -0.006475 0.027800 -0.078053 0.996474 0.030788 18.914400 0.008863 -0.030188 0.999505 -0.032000 0.000000 0.000000 0.000000 1.000000
0.996083 0.088349 -0.003547 0.027800 -0.088196 0.995612 0.031264 18.914400 0.006294 -0.030829 0.999505 -0.032000 0.000000 0.000000 0.000000 1.000000
0.996462 0.084014 0.002183 0.027800 -0.084033 0.996395 0.011614 18.914400 -0.001200 -0.011757 0.999930 -0.032000 0.000000 0.000000 0.000000 1.000000
0.997714 0.067511 0.002995 0.027800 -0.067478 0.997670 -0.010089 18.914400 -0.003669 0.009864 0.999945 -0.032000 0.000000 0.000000 0.000000 1.000000
0.998791 0.049160 0.000647 0.027800 -0.049139 0.998614 -0.018855 18.914400 -0.001573 0.018801 0.999822 -0.032000 0.000000 0.000000 0.000000 1.000000
0.999422 0.033798 0.003659 0.027800 -0.033777 0.999414 -0.005493 18.914400 -0.003842 0.005367 0.999978 -0.032000 0.000000 0.000000 0.000000 1.000000
0.999774 0.018491 0.010450 0.027800 -0.018636 0.999730 0.013871 18.914400 -0.010191 -0.014063 0.999849 -0.032000 0.000000 0.000000 0.000000 1.000000
0.999796 0.001728 0.020100 0.027800 -0.002244 0.999667 0.025700 18.914400 -0.020049 -0.025740 0.999468 -0.032000 0.000000 0.000000 0.000000 1.000000
0.999408 -0.015678 0.030610 0.027800 0.014551 0.999220 0.036714 18.914400 -0.031162 -0.036247 0.998857 -0.032000 0.000000 0.000000 0.000000 1.000000
0.998953 -0.019356 0.041457 0.027800 0.017926 0.999241 0.034582 18.914400 -0.042095 -0.033802 0.998542 -0.032000 0.000000 0.000000 0.000000 1.000000
0.998915 -0.003055 0.046476 0.027800 0.002004 0.999742 0.022629 18.914400 -0.046533 -0.022512 0.998663 -0.032000 0.000000 0.000000 0.000000 1.000000
0.998887 0.012911 0.045361 0.027800 -0.013446 0.999844 0.011494 18.914400 -0.045205 -0.012091 0.998905 -0.032000 0.000000 0.000000 0.000000 1.000000
0.999095 0.016754 0.039106 0.027800 -0.016228 0.999774 -0.013710 18.914400 -0.039327 0.013063 0.999141 -0.032000 0.000000 0.000000 0.000000 1.000000
0.999381 0.017258 0.030648 0.027800 -0.016489 0.999548 -0.025150 18.914400 -0.031068 0.024629 0.999214 -0.032000 0.000000 0.000000 0.000000 1.000000
0.999278 0.028314 0.025339 0.027800 -0.028057 0.999552 -0.010440 18.914400 -0.025623 0.009722 0.999624 -0.032000 0.000000 0.000000 0.000000 1.000000
0.999105 0.038887 0.016662 0.027800 -0.038827 0.999238 -0.003921 18.914400 -0.016802 0.003271 0.999853 -0.032000 0.000000 0.000000 0.000000 1.000000</float_array>
        <technique_common>
          <accessor source="#mixamorig_Neck-Matrix-animation-output-transform-array" count="18" stride="16">
            <param type="float4x4"/>
          </accessor>
        </technique_common>
      </source>
      <source id="mixamorig_Neck-Interpolations">
        <Name_array id="mixamorig_Neck-Interpolations-array" count="18">
 LINEAR LINEAR LINEAR LINEAR LINEAR LINEAR LINEAR LINEAR LINEAR LINEAR LINEAR
LINEAR LINEAR LINEAR LINEAR LINEAR LINEAR LINEAR</Name_array>
        <technique_common>
          <accessor source="#mixamorig_Neck-Interpolations-array" count="18">
            <param type="name"/>
          </accessor>
        </technique_common>
      </source>
      <sampler id="mixamorig_Neck-Matrix-animation-transform">
        <input semantic="INPUT" source="#mixamorig_Neck-Matrix-animation-input"/>
        <input semantic="OUTPUT" source="#mixamorig_Neck-Matrix-animation-output-transform"/>
        <input semantic="INTERPOLATION" source="#mixamorig_Neck-Interpolations"/>
      </sampler>
      <channel source="#mixamorig_Neck-Matrix-animation-transform" target="mixamorig_Neck/matrix"/>
    </animation>
    <animation id="mixamorig_Head-anim" name="mixamorig_Head">
      <source id="mixamorig_Head-Matrix-animation-input">
        <float_array id="mixamorig_Head-Matrix-animation-input-array" count="18">

0.000000 0.033333 0.066667 0.100000 0.133333 0.166667 0.200000 0.233333 0.266667 0.300000 0.333333 0.366667 0.400000 0.433333 0.466667 0.500000
0.533333 0.566667</float_array>
        <technique_common>
          <accessor source="#mixamorig_Head-Matrix-animation-input-array" count="18">
            <param name="TIME" type="float"/>
          </accessor>
        </technique_common>
      </source>
      <source id="mixamorig_Head-Matrix-animation-output-transform">
        <float_array id="mixamorig_Head-Matrix-animation-output-transform-array" count="288">

0.993695 0.108652 0.027670 -0.001100 -0.111948 0.975150 0.191182 9.868400 -0.006210 -0.193074 0.981164 4.265200 0.000000 0.000000 0.000000 1.000000
0.994567 0.020201 -0.102121 -0.001100 -0.000682 0.982234 0.187661 9.868400 0.104098 -0.186572 0.976911 4.265200 0.000000 0.000000 0.000000 1.000000
0.981560 -0.021640 -0.189928 -0.001100 0.054039 0.984456 0.167112 9.868400 0.183359 -0.174293 0.967472 4.265200 0.000000 0.000000 0.000000 1.000000
0.978223 -0.029081 -0.205508 -0.001100 0.062095 0.985792 0.156074 9.868400 0.198049 -0.165436 0.966130 4.265200 0.000000 0.000000 0.000000 1.000000
0.985583 -0.031086 -0.166313 -0.001100 0.058844 0.984590 0.164681 9.868400 0.158630 -0.172094 0.972224 4.265200 0.000000 0.000000 0.000000 1.000000
0.991257 -0.048699 -0.122628 -0.001100 0.070000 0.981916 0.175898 9.868400 0.111845 -0.182944 0.976741 4.265200 0.000000 0.000000 0.000000 1.000000
0.993055 -0.066042 -0.097366 -0.001100 0.081304 0.983401 0.162209 9.868400 0.085038 -0.168999 0.981941 4.265200 0.000000 0.000000 0.000000 1.000000
0.995727 -0.064999 -0.065592 -0.001100 0.074785 0.984299 0.159881 9.868400 0.054170 -0.164103 0.984955 4.265200 0.000000 0.000000 0.000000 1.000000
0.998984 -0.042989 -0.013496 -0.001100 0.044710 0.982893 0.178669 9.868400 0.005584 -0.179091 0.983817 4.265200 0.000000 0.000000 0.000000 1.000000
0.997676 -0.012601 0.066957 -0.001100 0.000743 0.984701 0.174253 9.868400 -0.068129 -0.173799 0.982422 4.265200 0.000000 0.000000 0.000000 1.000000
0.986398 0.037075 0.160137 -0.001100 -0.060939 0.987289 0.146787 9.868400 -0.152660 -0.154549 0.976120 4.265200 0.000000 0.000000 0.000000 1.000000
0.972774 0.077445 0.218433 -0.001100 -0.105539 0.987146 0.120018 9.868400 -0.206331 -0.139804 0.968443 4.265200 0.000000 0.000000 0.000000 1.000000
0.974153 0.082171 0.210413 -0.001100 -0.104052 0.990014 0.095112 9.868400 -0.200496 -0.114547 0.972975 4.265200 0.000000 0.000000 0.000000 1.000000
0.979618 0.088485 0.180331 -0.001100 -0.107233 0.989491 0.097001 9.868400 -0.169853 -0.114362 0.978811 4.265200 0.000000 0.000000 0.000000 1.000000
0.981208 0.112203 0.156974 -0.001100 -0.132946 0.982750 0.128562 9.868400 -0.139841 -0.147015 0.979199 4.265200 0.000000 0.000000 0.000000 1.000000
0.983331 0.126705 0.130407 -0.001100 -0.147136 0.975875 0.161304 9.868400 -0.106823 -0.177803 0.978251 4.265200 0.000000 0.000000 0.000000 1.000000
0.987948 0.125125 0.091117 -0.001100 -0.140134 0.973032 0.183222 9.868400 -0.065734 -0.193782 0.978840 4.265200 0.000000 0.000000 0.000000 1.000000
0.993695 0.108652 0.027670 -0.001100 -0.111948 0.975150 0.191182 9.868400 -0.006210 -0.193074 0.981164 4.265200 0.000000 0.000000 0.000000 1.000000</float_array>
        <technique_common>
          <accessor source="#mixamorig_Head-Matrix-animation-output-transform-array" count="18" stride="16">
            <param type="float4x4"/>
          </accessor>
        </technique_common>
      </source>
      <source id="mixamorig_Head-Interpolations">
        <Name_array id="mixamorig_Head-Interpolations-array" count="18">
 LINEAR LINEAR LINEAR LINEAR LINEAR LINEAR LINEAR LINEAR LINEAR LINEAR LINEAR
LINEAR LINEAR LINEAR LINEAR LINEAR LINEAR LINEAR</Name_array>
        <technique_common>
          <accessor source="#mixamorig_Head-Interpolations-array" count="18">
            <param type="name"/>
          </accessor>
        </technique_common>
      </source>
      <sampler id="mixamorig_Head-Matrix-animation-transform">
        <input semantic="INPUT" source="#mixamorig_Head-Matrix-animation-input"/>
        <input semantic="OUTPUT" source="#mixamorig_Head-Matrix-animation-output-transform"/>
        <input semantic="INTERPOLATION" source="#mixamorig_Head-Interpolations"/>
      </sampler>
      <channel source="#mixamorig_Head-Matrix-animation-transform" target="mixamorig_Head/matrix"/>
    </animation>
    <animation id="mixamorig_LeftShoulder-anim" name="mixamorig_LeftShoulder">
      <source id="mixamorig_LeftShoulder-Matrix-animation-input">
        <float_array id="mixamorig_LeftShoulder-Matrix-animation-input-array" count="18">

0.000000 0.033333 0.066667 0.100000 0.133333 0.166667 0.200000 0.233333 0.266667 0.300000 0.333333 0.366667 0.400000 0.433333 0.466667 0.500000
0.533333 0.566667</float_array>
        <technique_common>
          <accessor source="#mixamorig_LeftShoulder-Matrix-animation-input-array" count="18">
            <param name="TIME" type="float"/>
          </accessor>
        </technique_common>
      </source>
      <source id="mixamorig_LeftShoulder-Matrix-animation-output-transform">
        <float_array id="mixamorig_LeftShoulder-Matrix-animation-output-transform-array" count="288">

0.418522 0.893741 -0.161450 6.211400 0.189513 -0.259796 -0.946885 13.693400 -0.888214 0.365695 -0.278106 -0.924400 0.000000 0.000000 0.000000 1.000000
0.386848 0.913945 -0.122691 6.211400 0.200142 -0.213093 -0.956313 13.693400 -0.900162 0.345392 -0.265353 -0.924400 0.000000 0.000000 0.000000 1.000000
0.392693 0.912659 -0.113339 6.211400 0.201145 -0.205488 -0.957766 13.693400 -0.897404 0.353310 -0.264270 -0.924400 0.000000 0.000000 0.000000 1.000000
0.397372 0.903385 -0.161217 6.211400 0.191933 -0.253617 -0.948072 13.693400 -0.897361 0.345794 -0.274170 -0.924400 0.000000 0.000000 0.000000 1.000000
0.392310 0.892208 -0.223738 6.211400 0.180848 -0.313305 -0.932274 13.693400 -0.901880 0.325277 -0.284267 -0.924400 0.000000 0.000000 0.000000 1.000000
0.398608 0.876956 -0.268438 6.211400 0.170580 -0.358481 -0.917820 13.693400 -0.901118 0.320061 -0.292484 -0.924400 0.000000 0.000000 0.000000 1.000000
0.413401 0.861260 -0.295519 6.211400 0.160985 -0.388570 -0.907247 13.693400 -0.896205 0.327483 -0.299285 -0.924400 0.000000 0.000000 0.000000 1.000000
0.405711 0.870824 -0.277606 6.211400 0.165542 -0.368713 -0.914684 13.693400 -0.898885 0.325142 -0.293749 -0.924400 0.000000 0.000000 0.000000 1.000000
0.386020 0.903669 -0.185392 6.211400 0.188323 -0.273934 -0.943130 13.693400 -0.903063 0.329153 -0.275926 -0.924400 0.000000 0.000000 0.000000 1.000000
0.375455 0.924597 -0.064453 6.211400 0.213673 -0.154015 -0.964688 13.693400 -0.901874 0.348425 -0.255387 -0.924400 0.000000 0.000000 0.000000 1.000000
0.346022 0.938185 -0.008796 6.211400 0.226394 -0.092589 -0.969625 13.693400 -0.910502 0.333520 -0.244437 -0.924400 0.000000 0.000000 0.000000 1.000000
0.307776 0.950761 -0.036441 6.211400 0.224460 -0.109774 -0.968281 13.693400 -0.924603 0.289834 -0.247194 -0.924400 0.000000 0.000000 0.000000 1.000000
0.339297 0.937562 -0.076523 6.211400 0.216618 -0.157036 -0.963544 13.693400 -0.915398 0.310351 -0.256375 -0.924400 0.000000 0.000000 0.000000 1.000000
0.408644 0.906599 -0.105297 6.211400 0.204167 -0.203248 -0.957604 13.693400 -0.889565 0.369822 -0.268154 -0.924400 0.000000 0.000000 0.000000 1.000000
0.427326 0.894275 -0.132909 6.211400 0.195061 -0.234740 -0.952286 13.693400 -0.882804 0.381011 -0.274749 -0.924400 0.000000 0.000000 0.000000 1.000000
0.420559 0.893533 -0.157258 6.211400 0.189993 -0.256225 -0.947761 13.693400 -0.887149 0.368711 -0.277522 -0.924400 0.000000 0.000000 0.000000 1.000000
0.423671 0.887095 -0.183210 6.211400 0.182962 -0.281897 -0.941838 13.693400 -0.887146 0.365509 -0.281736 -0.924400 0.000000 0.000000 0.000000 1.000000
0.418522 0.893741 -0.161450 6.211400 0.189513 -0.259796 -0.946885 13.693400 -0.888214 0.365696 -0.278106 -0.924400 0.000000 0.000000 0.000000 1.000000</float_array>
        <technique_common>
          <accessor source="#mixamorig_LeftShoulder-Matrix-animation-output-transform-array" count="18" stride="16">
            <param type="float4x4"/>
          </accessor>
        </technique_common>
      </source>
      <source id="mixamorig_LeftShoulder-Interpolations">
        <Name_array id="mixamorig_LeftShoulder-Interpolations-array" count="18">
 LINEAR LINEAR LINEAR LINEAR LINEAR LINEAR LINEAR LINEAR LINEAR LINEAR LINEAR
LINEAR LINEAR LINEAR LINEAR LINEAR LINEAR LINEAR</Name_array>
        <technique_common>
          <accessor source="#mixamorig_LeftShoulder-Interpolations-array" count="18">
            <param type="name"/>
          </accessor>
        </technique_common>
      </source>
      <sampler id="mixamorig_LeftShoulder-Matrix-animation-transform">
        <input semantic="INPUT" source="#mixamorig_LeftShoulder-Matrix-animation-input"/>
        <input semantic="OUTPUT" source="#mixamorig_LeftShoulder-Matrix-animation-output-transform"/>
        <input semantic="INTERPOLATION" source="#mixamorig_LeftShoulder-Interpolations"/>
      </sampler>
      <channel source="#mixamorig_LeftShoulder-Matrix-animation-transform" target="mixamorig_LeftShoulder/matrix"/>
    </animation>
    <animation id="mixamorig_LeftArm-anim" name="mixamorig_LeftArm">
      <source id="mixamorig_LeftArm-Matrix-animation-input">
        <float_array id="mixamorig_LeftArm-Matrix-animation-input-array" count="18">

0.000000 0.033333 0.066667 0.100000 0.133333 0.166667 0.200000 0.233333 0.266667 0.300000 0.333333 0.366667 0.400000 0.433333 0.466667 0.500000
0.533333 0.566667</float_array>
        <technique_common>
          <accessor source="#mixamorig_LeftArm-Matrix-animation-input-array" count="18">
            <param name="TIME" type="float"/>
          </accessor>
        </technique_common>
      </source>
      <source id="mixamorig_LeftArm-Matrix-animation-output-transform">
        <float_array id="mixamorig_LeftArm-Matrix-animation-output-transform-array" count="288">

0.894353 0.308768 0.323720 -0.000000 0.172010 0.430648 -0.885977 11.085300 -0.412971 0.848059 0.332040 -0.000000 0.000000 0.000000 0.000000 1.000000
0.761420 0.445327 0.471088 0.000000 0.216743 0.509991 -0.832425 11.085300 -0.610952 0.735930 0.291796 0.000000 0.000000 0.000000 0.000000 1.000000
0.682768 0.502976 0.529946 -0.000000 0.156264 0.608013 -0.778397 11.085300 -0.713729 0.614276 0.336535 0.000000 0.000000 0.000000 0.000000 1.000000
0.700081 0.547193 0.458766 0.000000 0.002406 0.640661 -0.767820 11.085300 -0.714060 0.538640 0.447198 0.000000 0.000000 0.000000 0.000000 1.000000
0.810019 0.511318 0.287094 0.000000 -0.102684 0.605698 -0.789041 11.085300 -0.577343 0.609658 0.543131 0.000000 0.000000 0.000000 0.000000 1.000000
0.923174 0.366599 0.115565 0.000000 -0.136860 0.594437 -0.792410 11.085300 -0.359193 0.715716 0.598942 0.000000 0.000000 0.000000 0.000000 1.000000
0.987291 0.153393 0.041568 0.000000 -0.062506 0.615263 -0.785840 11.085300 -0.146118 0.773254 0.617032 -0.000000 0.000000 0.000000 0.000000 1.000000
0.994114 -0.095235 0.051652 0.000000 0.099315 0.610550 -0.785726 11.085300 0.043293 0.786231 0.616414 0.000000 0.000000 0.000000 0.000000 1.000000
0.951663 -0.303237 0.048843 0.000000 0.213899 0.540190 -0.813905 11.085300 0.220421 0.785011 0.578941 -0.000000 0.000000 0.000000 0.000000 1.000000
0.927289 -0.374218 0.009788 -0.000000 0.207984 0.493279 -0.844641 11.085300 0.311251 0.785262 0.535244 0.000000 0.000000 0.000000 0.000000 1.000000
0.943932 -0.330039 0.008113 0.000000 0.193890 0.534313 -0.822750 11.085300 0.267205 0.778193 0.568346 0.000000 0.000000 0.000000 0.000000 1.000000
0.964893 -0.240934 0.104557 0.000000 0.232571 0.598827 -0.766366 11.085300 0.122033 0.763778 0.633838 0.000000 0.000000 0.000000 0.000000 1.000000
0.961576 -0.091093 0.258986 0.000000 0.256472 0.634614 -0.729032 11.085300 -0.097947 0.767442 0.633592 0.000000 0.000000 0.000000 0.000000 1.000000
0.934946 0.041214 0.352389 -0.000000 0.254775 0.613239 -0.747681 11.085300 -0.246913 0.788821 0.562845 -0.000000 0.000000 0.000000 0.000000 1.000000
0.915160 0.095703 0.391564 -0.000000 0.285097 0.533045 -0.796607 11.085300 -0.284959 0.840657 0.460537 0.000000 0.000000 0.000000 0.000000 1.000000
0.939419 0.106629 0.325765 0.000000 0.254144 0.421053 -0.870704 11.085300 -0.230007 0.900747 0.368445 0.000000 0.000000 0.000000 0.000000 1.000000
0.956895 0.146759 0.250626 0.000000 0.176541 0.391299 -0.903171 11.085300 -0.230618 0.908486 0.348523 -0.000000 0.000000 0.000000 0.000000 1.000000
0.894353 0.308768 0.323720 0.000000 0.172010 0.430648 -0.885977 11.085300 -0.412971 0.848059 0.332040 -0.000000 0.000000 0.000000 0.000000 1.000000</float_array>
        <technique_common>
          <accessor source="#mixamorig_LeftArm-Matrix-animation-output-transform-array" count="18" stride="16">
            <param type="float4x4"/>
          </accessor>
        </technique_common>
      </source>
      <source id="mixamorig_LeftArm-Interpolations">
        <Name_array id="mixamorig_LeftArm-Interpolations-array" count="18">
 LINEAR LINEAR LINEAR LINEAR LINEAR LINEAR LINEAR LINEAR LINEAR LINEAR LINEAR
LINEAR LINEAR LINEAR LINEAR LINEAR LINEAR LINEAR</Name_array>
        <technique_common>
          <accessor source="#mixamorig_LeftArm-Interpolations-array" count="18">
            <param type="name"/>
          </accessor>
        </technique_common>
      </source>
      <sampler id="mixamorig_LeftArm-Matrix-animation-transform">
        <input semantic="INPUT" source="#mixamorig_LeftArm-Matrix-animation-input"/>
        <input semantic="OUTPUT" source="#mixamorig_LeftArm-Matrix-animation-output-transform"/>
        <input semantic="INTERPOLATION" source="#mixamorig_LeftArm-Interpolations"/>
      </sampler>
      <channel source="#mixamorig_LeftArm-Matrix-animation-transform" target="mixamorig_LeftArm/matrix"/>
    </animation>
    <animation id="mixamorig_LeftForeArm-anim" name="mixamorig_LeftForeArm">
      <source id="mixamorig_LeftForeArm-Matrix-animation-input">
        <float_array id="mixamorig_LeftForeArm-Matrix-animation-input-array" count="18">

0.000000 0.033333 0.066667 0.100000 0.133333 0.166667 0.200000 0.233333 0.266667 0.300000 0.333333 0.366667 0.400000 0.433333 0.466667 0.500000
0.533333 0.566667</float_array>
        <technique_common>
          <accessor source="#mixamorig_LeftForeArm-Matrix-animation-input-array" count="18">
            <param name="TIME" type="float"/>
          </accessor>
        </technique_common>
      </source>
      <source id="mixamorig_LeftForeArm-Matrix-animation-output-transform">
        <float_array id="mixamorig_LeftForeArm-Matrix-animation-output-transform-array" count="288">

0.839364 -0.543570 -0.000006 -0.000000 0.543570 0.839364 -0.000004 29.324200 0.000008 0.000000 1.000000 0.000000 0.000000 0.000000 0.000000 1.000000
0.651204 -0.758902 -0.000005 -0.000000 0.758902 0.651204 -0.000006 29.324200 0.000008 -0.000000 1.000000 -0.000000 0.000000 0.000000 0.000000 1.000000
0.464599 -0.885521 -0.000004 0.000000 0.885521 0.464599 -0.000007 29.324200 0.000008 0.000000 1.000000 0.000000 0.000000 0.000000 0.000000 1.000000
0.332359 -0.943153 -0.000003 0.000000 0.943153 0.332359 -0.000007 29.324200 0.000008 -0.000000 1.000000 0.000000 0.000000 0.000000 0.000000 1.000000
0.375369 -0.926875 -0.000003 0.000000 0.926875 0.375369 -0.000007 29.324200 0.000008 -0.000000 1.000000 0.000000 0.000000 0.000000 0.000000 1.000000
0.454725 -0.890632 -0.000004 -0.000000 0.890632 0.454725 -0.000007 29.324200 0.000008 -0.000000 1.000000 0.000000 0.000000 0.000000 0.000000 1.000000
0.481339 -0.876535 -0.000004 0.000000 0.876535 0.481339 -0.000007 29.324200 0.000008 -0.000000 1.000000 0.000000 0.000000 0.000000 0.000000 1.000000
0.446563 -0.894752 -0.000004 0.000000 0.894752 0.446563 -0.000007 29.324200 0.000008 -0.000000 1.000000 0.000000 0.000000 0.000000 0.000000 1.000000
0.324829 -0.945773 -0.000003 0.000000 0.945773 0.324829 -0.000008 29.324200 0.000008 -0.000000 1.000000 0.000000 0.000000 0.000000 0.000000 1.000000
