<?xml version="1.0" encoding="utf-8"?>
<COLLADA xmlns="http://www.collada.org/2005/11/COLLADASchema" version="1.4.1">
  <asset>
    <contributor>
      <author>Mixamo</author>
      <authoring_tool>COLLADA Mixamo exporter</authoring_tool>
      <comments/>
    </contributor>
    <created>2023-10-18T15:27:22Z</created>
    <modified>2023-10-18T15:27:22Z</modified>
    <revision/>
    <title/>
    <unit meter="0.010000"/>
    <up_axis>Y_UP</up_axis>
  </asset>
  <library_animations>
    <animation id="mixamorig5_Hips-anim" name="mixamorig5_Hips">
      <source id="mixamorig5_Hips-Matrix-animation-input">
        <float_array id="mixamorig5_Hips-Matrix-animation-input-array" count="131">

0.000000 0.033333 0.066667 0.100000 0.133333 0.166667 0.200000 0.233333 0.266667 0.300000 0.333333 0.366667 0.400000 0.433333 0.466667 0.500000
0.533333 0.566667 0.600000 0.633333 0.666667 0.700000 0.733333 0.766667 0.800000 0.833333 0.866667 0.900000 0.933333 0.966667 1.000000 1.033333
1.066667 1.100000 1.133333 1.166667 1.200000 1.233333 1.266667 1.300000 1.333333 1.366667 1.400000 1.433333 1.466667 1.500000 1.533333 1.566667
1.600000 1.633333 1.666667 1.700000 1.733333 1.766667 1.800000 1.833333 1.866667 1.900000 1.933333 1.966667 2.000000 2.033333 2.066667 2.100000
2.133333 2.166667 2.200000 2.233333 2.266667 2.300000 2.333333 2.366667 2.400000 2.433333 2.466667 2.500000 2.533333 2.566667 2.600000 2.633333
2.666667 2.700000 2.733333 2.766667 2.800000 2.833333 2.866667 2.900000 2.933333 2.966667 3.000000 3.033333 3.066667 3.100000 3.133333 3.166667
3.200000 3.233333 3.266667 3.300000 3.333333 3.366667 3.400000 3.433333 3.466667 3.500000 3.533333 3.566667 3.600000 3.633333 3.666667 3.700000
3.733333 3.766667 3.800000 3.833333 3.866667 3.900000 3.933333 3.966667 4.000000 4.033333 4.066667 4.100000 4.133333 4.166667 4.200000 4.233333
4.266667 4.300000 4.333333</float_array>
        <technique_common>
          <accessor source="#mixamorig5_Hips-Matrix-animation-input-array" count="131">
            <param name="TIME" type="float"/>
          </accessor>
        </technique_common>
      </source>
      <source id="mixamorig5_Hips-Matrix-animation-output-transform">
        <float_array id="mixamorig5_Hips-Matrix-animation-output-transform-array" count="2096">

0.945679 -0.002998 -0.325087 0.555466 -0.063079 0.979262 -0.192527 96.662201 0.318923 0.202575 0.925879 -1.615079 0.000000 0.000000 0.000000 1.000000
0.945256 -0.003184 -0.326314 0.621336 -0.063099 0.979298 -0.192338 96.630135 0.320171 0.202399 0.925486 -1.525074 0.000000 0.000000 0.000000 1.000000
0.944620 -0.003383 -0.328148 0.719908 -0.063302 0.979288 -0.192320 96.591972 0.322003 0.202442 0.924841 -1.416563 0.000000 0.000000 0.000000 1.000000
0.943779 -0.003464 -0.330559 0.844003 -0.063829 0.979219 -0.192498 96.557198 0.324357 0.202774 0.923945 -1.300147 0.000000 0.000000 0.000000 1.000000
0.942886 -0.003334 -0.333099 0.992663 -0.064567 0.979157 -0.192568 96.530838 0.326798 0.203077 0.923018 -1.180502 0.000000 0.000000 0.000000 1.000000
0.942062 -0.003055 -0.335424 1.166281 -0.065307 0.979153 -0.192337 96.515579 0.329019 0.203099 0.922224 -1.056632 0.000000 0.000000 0.000000 1.000000
0.941276 -0.002891 -0.337625 1.357615 -0.065849 0.979189 -0.191969 96.506828 0.331153 0.202928 0.921497 -0.924985 0.000000 0.000000 0.000000 1.000000
0.940450 -0.003109 -0.339919 1.555503 -0.066098 0.979200 -0.191831 96.490631 0.333445 0.202876 0.920682 -0.781951 0.000000 0.000000 0.000000 1.000000
0.939567 -0.003648 -0.342347 1.757102 -0.066193 0.979141 -0.192098 96.467087 0.335906 0.203150 0.919727 -0.630051 0.000000 0.000000 0.000000 1.000000
0.938702 -0.004169 -0.344703 1.967742 -0.066361 0.979039 -0.192557 96.454773 0.338281 0.203629 0.918750 -0.477529 0.000000 0.000000 0.000000 1.000000
0.937955 -0.004479 -0.346729 2.186894 -0.066630 0.978955 -0.192891 96.464027 0.340296 0.204026 0.917917 -0.331413 0.000000 0.000000 0.000000 1.000000
0.937324 -0.004728 -0.348426 2.402911 -0.066818 0.978914 -0.193037 96.485970 0.341992 0.204220 0.917244 -0.195397 0.000000 0.000000 0.000000 1.000000
0.936703 -0.005081 -0.350088 2.604046 -0.066845 0.978907 -0.193060 96.507812 0.343685 0.204242 0.916606 -0.071798 0.000000 0.000000 0.000000 1.000000
0.936010 -0.005386 -0.351933 2.787230 -0.066886 0.978942 -0.192872 96.522232 0.345561 0.204069 0.915939 0.039676 0.000000 0.000000 0.000000 1.000000
0.935289 -0.005291 -0.353844 2.953411 -0.067262 0.979004 -0.192426 96.520355 0.347433 0.203774 0.915296 0.142473 0.000000 0.000000 0.000000 1.000000
0.934691 -0.004821 -0.355429 3.095824 -0.067949 0.979046 -0.191970 96.497421 0.348907 0.203584 0.914777 0.237541 0.000000 0.000000 0.000000 1.000000
0.934356 -0.004284 -0.356314 3.201213 -0.068616 0.979052 -0.191701 96.460739 0.349671 0.203566 0.914489 0.320064 0.000000 0.000000 0.000000 1.000000
0.934347 -0.003890 -0.356342 3.261395 -0.068988 0.979050 -0.191578 96.423584 0.349622 0.203584 0.914504 0.381734 0.000000 0.000000 0.000000 1.000000
0.934626 -0.003672 -0.355614 3.280720 -0.069001 0.979072 -0.191460 96.395256 0.348875 0.203481 0.914812 0.417361 0.000000 0.000000 0.000000 1.000000
0.935124 -0.003632 -0.354303 3.271387 -0.068674 0.979128 -0.191290 96.377472 0.347602 0.203211 0.915357 0.426832 0.000000 0.000000 0.000000 1.000000
0.935809 -0.003653 -0.352489 3.245756 -0.068169 0.979196 -0.191126 96.366447 0.345854 0.202886 0.916091 0.411520 0.000000 0.000000 0.000000 1.000000
0.936662 -0.003410 -0.350219 3.210023 -0.067828 0.979255 -0.190941 96.356018 0.343605 0.202601 0.917000 0.371543 0.000000 0.000000 0.000000 1.000000
0.937623 -0.002640 -0.347645 3.160426 -0.067923 0.979310 -0.190629 96.341553 0.340955 0.202351 0.918043 0.307917 0.000000 0.000000 0.000000 1.000000
0.938585 -0.001464 -0.345044 3.089912 -0.068407 0.979352 -0.190237 96.325157 0.338198 0.202157 0.919105 0.225508 0.000000 0.000000 0.000000 1.000000
0.939443 -0.000279 -0.342706 2.999960 -0.069011 0.979360 -0.189975 96.312721 0.335686 0.202121 0.920034 0.130478 0.000000 0.000000 0.000000 1.000000
0.940139 0.000618 -0.340791 2.900535 -0.069541 0.979305 -0.190066 96.307747 0.333621 0.202388 0.920726 0.025885 0.000000 0.000000 0.000000 1.000000
0.940723 0.001185 -0.339175 2.796427 -0.069901 0.979205 -0.190452 96.309601 0.331896 0.202871 0.921243 -0.087257 0.000000 0.000000 0.000000 1.000000
0.941297 0.001601 -0.337575 2.681391 -0.070075 0.979134 -0.190753 96.318413 0.330226 0.203211 0.921768 -0.207037 0.000000 0.000000 0.000000 1.000000
0.941902 0.002120 -0.335882 2.549258 -0.070201 0.979139 -0.190681 96.339890 0.328471 0.203182 0.922401 -0.332505 0.000000 0.000000 0.000000 1.000000
0.942453 0.002809 -0.334327 2.404451 -0.070360 0.979237 -0.190115 96.380997 0.326852 0.202698 0.923083 -0.462589 0.000000 0.000000 0.000000 1.000000
0.942770 0.003450 -0.333426 2.257349 -0.070392 0.979470 -0.188899 96.442581 0.325929 0.201559 0.923658 -0.590879 0.000000 0.000000 0.000000 1.000000
0.942728 0.003812 -0.333540 2.112592 -0.070172 0.979824 -0.187137 96.512108 0.326097 0.199824 0.923976 -0.708162 0.000000 0.000000 0.000000 1.000000
0.942504 0.003898 -0.334173 1.965430 -0.069780 0.980187 -0.185376 96.566956 0.326829 0.198036 0.924102 -0.813278 0.000000 0.000000 0.000000 1.000000
0.942487 0.003856 -0.334220 1.810017 -0.069279 0.980472 -0.184050 96.597687 0.326984 0.196619 0.924350 -0.916739 0.000000 0.000000 0.000000 1.000000
0.942860 0.003753 -0.333167 1.647192 -0.068649 0.980670 -0.183230 96.615860 0.326040 0.195632 0.924893 -1.028043 0.000000 0.000000 0.000000 1.000000
0.943426 0.003583 -0.331564 1.481259 -0.068048 0.980750 -0.183025 96.635658 0.324526 0.195233 0.925509 -1.146379 0.000000 0.000000 0.000000 1.000000
0.943952 0.003425 -0.330066 1.316630 -0.067749 0.980668 -0.183578 96.659668 0.323056 0.195650 0.925935 -1.268331 0.000000 0.000000 0.000000 1.000000
0.944468 0.003355 -0.328586 1.158781 -0.067720 0.980470 -0.184641 96.675179 0.321549 0.196640 0.926250 -1.391240 0.000000 0.000000 0.000000 1.000000
0.945075 0.003286 -0.326836 1.011822 -0.067615 0.980285 -0.185662 96.665207 0.319782 0.197563 0.926665 -1.507342 0.000000 0.000000 0.000000 1.000000
0.945664 0.003065 -0.325131 0.876152 -0.067232 0.980188 -0.186310 96.629173 0.318119 0.198046 0.927135 -1.607396 0.000000 0.000000 0.000000 1.000000
0.946019 0.002662 -0.324100 0.751024 -0.066737 0.980138 -0.186748 96.581741 0.317165 0.198297 0.927407 -1.688770 0.000000 0.000000 0.000000 1.000000
0.946095 0.002232 -0.323882 0.641027 -0.066396 0.980076 -0.187196 96.538330 0.317012 0.198609 0.927393 -1.752335 0.000000 0.000000 0.000000 1.000000
0.946034 0.001912 -0.324061 0.555825 -0.066174 0.980052 -0.187401 96.505356 0.317239 0.198732 0.927289 -1.795837 0.000000 0.000000 0.000000 1.000000
0.945965 0.001743 -0.324264 0.501492 -0.065909 0.980145 -0.187006 96.485733 0.317500 0.198273 0.927298 -1.816983 0.000000 0.000000 0.000000 1.000000
0.945906 0.001772 -0.324437 0.474605 -0.065689 0.980321 -0.186161 96.482361 0.317722 0.197403 0.927407 -1.819340 0.000000 0.000000 0.000000 1.000000
0.945852 0.002085 -0.324592 0.466220 -0.065784 0.980460 -0.185395 96.491379 0.317863 0.196710 0.927507 -1.808104 0.000000 0.000000 0.000000 1.000000
0.945827 0.002648 -0.324659 0.471470 -0.066266 0.980491 -0.185056 96.503403 0.317835 0.196545 0.927551 -1.784129 0.000000 0.000000 0.000000 1.000000
0.945813 0.003244 -0.324695 0.494685 -0.066911 0.980437 -0.185110 96.513344 0.317743 0.196805 0.927528 -1.745081 0.000000 0.000000 0.000000 1.000000
0.945699 0.003641 -0.325023 0.543404 -0.067463 0.980362 -0.185309 96.522293 0.317965 0.197174 0.927373 -1.689591 0.000000 0.000000 0.000000 1.000000
0.945398 0.003772 -0.325897 0.618489 -0.067818 0.980322 -0.185389 96.529877 0.318785 0.197368 0.927050 -1.618320 0.000000 0.000000 0.000000 1.000000
0.944946 0.003705 -0.327206 0.714002 -0.068029 0.980312 -0.185365 96.532265 0.320078 0.197419 0.926594 -1.531681 0.000000 0.000000 0.000000 1.000000
0.944440 0.003567 -0.328665 0.825957 -0.068273 0.980260 -0.185549 96.528831 0.321516 0.197679 0.926040 -1.429871 0.000000 0.000000 0.000000 1.000000
0.943935 0.003483 -0.330112 0.954020 -0.068675 0.980141 -0.186029 96.525345 0.322908 0.198270 0.925429 -1.314928 0.000000 0.000000 0.000000 1.000000
0.943433 0.003581 -0.331543 1.095310 -0.069235 0.980026 -0.186427 96.525444 0.324254 0.198836 0.924837 -1.189245 0.000000 0.000000 0.000000 1.000000
0.942928 0.003998 -0.332972 1.243118 -0.070030 0.979947 -0.186547 96.520027 0.325549 0.199219 0.924299 -1.052558 0.000000 0.000000 0.000000 1.000000
0.942431 0.004641 -0.334369 1.391738 -0.071094 0.979826 -0.186778 96.494080 0.326757 0.199797 0.923748 -0.902225 0.000000 0.000000 0.000000 1.000000
0.941965 0.005106 -0.335672 1.539886 -0.072086 0.979637 -0.187387 96.447708 0.327880 0.200710 0.923152 -0.739987 0.000000 0.000000 0.000000 1.000000
0.941566 0.005125 -0.336789 1.686847 -0.072579 0.979483 -0.188005 96.399796 0.328916 0.201463 0.922620 -0.577147 0.000000 0.000000 0.000000 1.000000
0.941263 0.004856 -0.337640 1.829009 -0.072573 0.979440 -0.188230 96.367546 0.329784 0.201678 0.922263 -0.426395 0.000000 0.000000 0.000000 1.000000
0.941076 0.004574 -0.338165 1.962981 -0.072378 0.979466 -0.188171 96.352394 0.330361 0.201558 0.922082 -0.290586 0.000000 0.000000 0.000000 1.000000
0.940998 0.004290 -0.338384 2.085742 -0.072148 0.979474 -0.188218 96.343163 0.330631 0.201526 0.921993 -0.164962 0.000000 0.000000 0.000000 1.000000
0.940978 0.003849 -0.338445 2.192819 -0.071871 0.979404 -0.188684 96.330612 0.330748 0.201872 0.921875 -0.047471 0.000000 0.000000 0.000000 1.000000
0.940926 0.003227 -0.338598 2.281522 -0.071615 0.979231 -0.189678 96.317879 0.330954 0.202722 0.921615 0.057959 0.000000 0.000000 0.000000 1.000000
0.940797 0.002530 -0.338962 2.353060 -0.071450 0.978986 -0.191003 96.309311 0.331356 0.203914 0.921207 0.147603 0.000000 0.000000 0.000000 1.000000
0.940635 0.001903 -0.339413 2.409090 -0.071350 0.978749 -0.192248 96.295738 0.331835 0.205052 0.920782 0.221110 0.000000 0.000000 0.000000 1.000000
0.940506 0.001555 -0.339773 2.449812 -0.071378 0.978580 -0.193096 96.267021 0.332195 0.205861 0.920472 0.278160 0.000000 0.000000 0.000000 1.000000
0.940436 0.001682 -0.339968 2.475898 -0.071685 0.978486 -0.193460 96.228165 0.332328 0.206307 0.920324 0.317799 0.000000 0.000000 0.000000 1.000000
0.940427 0.002316 -0.339988 2.487769 -0.072318 0.978457 -0.193369 96.194458 0.332216 0.206437 0.920335 0.338811 0.000000 0.000000 0.000000 1.000000
0.940476 0.003316 -0.339844 2.479823 -0.073173 0.978477 -0.192949 96.175667 0.331890 0.206331 0.920476 0.340043 0.000000 0.000000 0.000000 1.000000
0.940611 0.004419 -0.339457 2.441264 -0.074046 0.978512 -0.192437 96.169159 0.331313 0.206143 0.920726 0.323983 0.000000 0.000000 0.000000 1.000000
0.940890 0.005364 -0.338669 2.367474 -0.074706 0.978538 -0.192050 96.170738 0.330371 0.205998 0.921097 0.296218 0.000000 0.000000 0.000000 1.000000
0.941313 0.006049 -0.337481 2.265784 -0.075066 0.978552 -0.191836 96.183464 0.329082 0.205911 0.921578 0.259118 0.000000 0.000000 0.000000 1.000000
0.941779 0.006520 -0.336171 2.146085 -0.075243 0.978542 -0.191816 96.210571 0.327707 0.205942 0.922061 0.210417 0.000000 0.000000 0.000000 1.000000
0.942166 0.006860 -0.335076 2.011064 -0.075423 0.978484 -0.192042 96.246132 0.326549 0.206207 0.922412 0.146758 0.000000 0.000000 0.000000 1.000000
0.942503 0.007190 -0.334121 1.861565 -0.075660 0.978402 -0.192369 96.277725 0.325521 0.206588 0.922690 0.064947 0.000000 0.000000 0.000000 1.000000
0.942923 0.007494 -0.332926 1.702093 -0.075751 0.978365 -0.192522 96.298660 0.324280 0.206753 0.923090 -0.036203 0.000000 0.000000 0.000000 1.000000
0.943416 0.007612 -0.331523 1.536026 -0.075570 0.978366 -0.192585 96.314117 0.322885 0.206741 0.923582 -0.151815 0.000000 0.000000 0.000000 1.000000
0.943852 0.007559 -0.330283 1.362596 -0.075283 0.978356 -0.192748 96.333366 0.321677 0.206790 0.923992 -0.272467 0.000000 0.000000 0.000000 1.000000
0.944044 0.007290 -0.329740 1.243087 -0.074803 0.978436 -0.192529 96.348373 0.321226 0.206421 0.924232 -0.370584 0.000000 0.000000 0.000000 1.000000
0.943996 0.006801 -0.329887 1.182889 -0.074103 0.978617 -0.191878 96.357101 0.321528 0.205577 0.924315 -0.446168 0.000000 0.000000 0.000000 1.000000
0.943790 0.006155 -0.330488 1.163454 -0.073237 0.978870 -0.190917 96.360764 0.322330 0.204390 0.924299 -0.508077 0.000000 0.000000 0.000000 1.000000
0.943507 0.005428 -0.331307 1.164339 -0.072280 0.979159 -0.189799 96.361664 0.323372 0.203024 0.924236 -0.563831 0.000000 0.000000 0.000000 1.000000
0.943170 0.004657 -0.332277 1.179874 -0.071278 0.979465 -0.188595 96.360741 0.324575 0.201561 0.924134 -0.613833 0.000000 0.000000 0.000000 1.000000
0.942779 0.003858 -0.333396 1.211591 -0.070258 0.979780 -0.187339 96.358223 0.325932 0.200043 0.923987 -0.655377 0.000000 0.000000 0.000000 1.000000
0.942342 0.003053 -0.334636 1.259003 -0.069253 0.980092 -0.186076 96.354416 0.327406 0.198522 0.923793 -0.686903 0.000000 0.000000 0.000000 1.000000
0.941880 0.002267 -0.335941 1.317851 -0.068292 0.980390 -0.184855 96.349899 0.328934 0.197053 0.923565 -0.709225 0.000000 0.000000 0.000000 1.000000
0.941414 0.001518 -0.337250 1.382364 -0.067393 0.980667 -0.183711 96.345276 0.330452 0.195676 0.923316 -0.724478 0.000000 0.000000 0.000000 1.000000
0.940959 0.000840 -0.338518 1.450168 -0.066607 0.980908 -0.182710 96.341064 0.331902 0.194470 0.923051 -0.731151 0.000000 0.000000 0.000000 1.000000
0.940526 0.000299 -0.339721 1.527567 -0.066046 0.981080 -0.181987 96.337769 0.333240 0.193601 0.922751 -0.719295 0.000000 0.000000 0.000000 1.000000
0.940111 -0.000046 -0.340868 1.624766 -0.065816 0.981158 -0.181653 96.335976 0.334454 0.193209 0.922394 -0.678117 0.000000 0.000000 0.000000 1.000000
0.939713 -0.000191 -0.341964 1.746150 -0.065927 0.981139 -0.181716 96.336739 0.335549 0.193306 0.921976 -0.605686 0.000000 0.000000 0.000000 1.000000
0.939413 -0.000088 -0.342788 1.901483 -0.066476 0.980969 -0.182429 96.349251 0.336281 0.194163 0.921529 -0.494147 0.000000 0.000000 0.000000 1.000000
0.939136 -0.000202 -0.343547 2.058829 -0.066870 0.980766 -0.183377 96.364609 0.336976 0.195189 0.921058 -0.381556 0.000000 0.000000 0.000000 1.000000
0.938791 -0.000443 -0.344486 2.204336 -0.067305 0.980492 -0.184679 96.381622 0.337847 0.196560 0.920447 -0.271197 0.000000 0.000000 0.000000 1.000000
0.938415 -0.000610 -0.345511 2.332747 -0.067888 0.980180 -0.186114 96.401688 0.338776 0.198108 0.919774 -0.166171 0.000000 0.000000 0.000000 1.000000
0.938086 -0.000615 -0.346402 2.445012 -0.068444 0.979955 -0.187092 96.417908 0.339574 0.199217 0.919240 -0.069721 0.000000 0.000000 0.000000 1.000000
0.937810 -0.000660 -0.347149 2.540898 -0.068652 0.979896 -0.187326 96.426102 0.340293 0.199509 0.918911 0.015848 0.000000 0.000000 0.000000 1.000000
0.937554 -0.000943 -0.347838 2.617932 -0.068463 0.979935 -0.187190 96.427788 0.341035 0.199315 0.918678 0.089130 0.000000 0.000000 0.000000 1.000000
0.937337 -0.001260 -0.348423 2.677655 -0.068300 0.979928 -0.187286 96.424492 0.341665 0.199348 0.918436 0.149295 0.000000 0.000000 0.000000 1.000000
0.937233 -0.001205 -0.348701 2.725659 -0.068647 0.979787 -0.187894 96.415871 0.341879 0.200038 0.918207 0.193239 0.000000 0.000000 0.000000 1.000000
0.937283 -0.000625 -0.348568 2.766057 -0.069596 0.979528 -0.188897 96.402443 0.341550 0.201309 0.918051 0.217081 0.000000 0.000000 0.000000 1.000000
0.937411 0.000231 -0.348224 2.796471 -0.070834 0.979219 -0.190033 96.388565 0.340944 0.202805 0.917947 0.222166 0.000000 0.000000 0.000000 1.000000
0.937473 0.000944 -0.348057 2.809879 -0.071917 0.978942 -0.191049 96.380730 0.340547 0.204135 0.917800 0.216102 0.000000 0.000000 0.000000 1.000000
0.937415 0.001337 -0.348212 2.803026 -0.072600 0.978767 -0.191688 96.381218 0.340562 0.204972 0.917608 0.206224 0.000000 0.000000 0.000000 1.000000
0.937451 0.001447 -0.348114 2.779988 -0.072720 0.978744 -0.191763 96.388344 0.340436 0.205083 0.917630 0.194144 0.000000 0.000000 0.000000 1.000000
0.937995 0.001396 -0.346645 2.749418 -0.072168 0.978868 -0.191338 96.397980 0.339052 0.204490 0.918274 0.176393 0.000000 0.000000 0.000000 1.000000
0.939284 0.001345 -0.343137 2.717577 -0.071066 0.979074 -0.190693 96.404152 0.335700 0.203501 0.919724 0.147546 0.000000 0.000000 0.000000 1.000000
0.941079 0.001327 -0.338185 2.680006 -0.069730 0.979267 -0.190196 96.403282 0.330921 0.202571 0.921660 0.102733 0.000000 0.000000 0.000000 1.000000
0.942807 0.001124 -0.333337 2.621409 -0.068385 0.979377 -0.190117 96.398590 0.326249 0.202038 0.923440 0.039314 0.000000 0.000000 0.000000 1.000000
0.943952 0.000645 -0.330081 2.530434 -0.067219 0.979419 -0.190318 96.397728 0.323165 0.201839 0.924568 -0.041255 0.000000 0.000000 0.000000 1.000000
0.944328 0.000300 -0.329005 2.412969 -0.066562 0.979495 -0.190154 96.405418 0.322202 0.201467 0.924985 -0.133809 0.000000 0.000000 0.000000 1.000000
0.944168 0.000419 -0.329465 2.286558 -0.066461 0.979684 -0.189216 96.420052 0.322693 0.200548 0.925013 -0.233504 0.000000 0.000000 0.000000 1.000000
0.943906 0.000681 -0.330214 2.162913 -0.066429 0.979946 -0.187862 96.437416 0.323464 0.199260 0.925022 -0.337940 0.000000 0.000000 0.000000 1.000000
0.943802 0.000601 -0.330510 2.040645 -0.065983 0.980210 -0.186639 96.454689 0.323857 0.197959 0.925164 -0.445609 0.000000 0.000000 0.000000 1.000000
0.943855 0.000167 -0.330359 1.915039 -0.065161 0.980449 -0.185672 96.471428 0.323869 0.196774 0.925413 -0.555414 0.000000 0.000000 0.000000 1.000000
0.943970 -0.000260 -0.330032 1.786894 -0.064392 0.980636 -0.184949 96.489990 0.323689 0.195837 0.925674 -0.667043 0.000000 0.000000 0.000000 1.000000
0.944078 -0.000459 -0.329721 1.658409 -0.063997 0.980727 -0.184604 96.513992 0.323451 0.195382 0.925854 -0.780159 0.000000 0.000000 0.000000 1.000000
0.944188 -0.000501 -0.329406 1.527202 -0.063881 0.980737 -0.184594 96.545242 0.323153 0.195334 0.925968 -0.894832 0.000000 0.000000 0.000000 1.000000
0.944373 -0.000580 -0.328875 1.387585 -0.063696 0.980741 -0.184634 96.578278 0.322648 0.195312 0.926149 -1.009676 0.000000 0.000000 0.000000 1.000000
0.944644 -0.000850 -0.328096 1.237602 -0.063293 0.980741 -0.184771 96.602936 0.321934 0.195309 0.926398 -1.120745 0.000000 0.000000 0.000000 1.000000
0.944912 -0.001270 -0.327321 1.085927 -0.062859 0.980676 -0.185266 96.616913 0.321231 0.195636 0.926573 -1.225783 0.000000 0.000000 0.000000 1.000000
0.945136 -0.001675 -0.326673 0.949076 -0.062503 0.980586 -0.185861 96.625946 0.320643 0.196082 0.926682 -1.325581 0.000000 0.000000 0.000000 1.000000
0.945368 -0.001972 -0.325998 0.838241 -0.062111 0.980575 -0.186050 96.633530 0.320032 0.196134 0.926882 -1.419934 0.000000 0.000000 0.000000 1.000000
0.945643 -0.002193 -0.325200 0.750869 -0.061724 0.980590 -0.186101 96.638290 0.319296 0.196058 0.927152 -1.506152 0.000000 0.000000 0.000000 1.000000
0.945933 -0.002406 -0.324353 0.679207 -0.061592 0.980447 -0.186896 96.641304 0.318460 0.196769 0.927289 -1.582438 0.000000 0.000000 0.000000 1.000000
0.946182 -0.002613 -0.323623 0.620400 -0.061802 0.980106 -0.188608 96.648125 0.317678 0.198458 0.927197 -1.646933 0.000000 0.000000 0.000000 1.000000
0.946324 -0.002779 -0.323208 0.575582 -0.062162 0.979731 -0.190430 96.661797 0.317186 0.200300 0.926970 -1.693806 0.000000 0.000000 0.000000 1.000000
0.946323 -0.002874 -0.323208 0.544768 -0.062493 0.979465 -0.191683 96.677322 0.317122 0.201593 0.926711 -1.716431 0.000000 0.000000 0.000000 1.000000
0.946196 -0.002898 -0.323581 0.526946 -0.062777 0.979318 -0.192340 96.685661 0.317446 0.202304 0.926445 -1.711537 0.000000 0.000000 0.000000 1.000000
0.945977 -0.002911 -0.324221 0.526531 -0.062994 0.979256 -0.192588 96.681221 0.318056 0.202608 0.926170 -1.678017 0.000000 0.000000 0.000000 1.000000
0.945679 -0.002998 -0.325087 0.555466 -0.063079 0.979262 -0.192527 96.662201 0.318923 0.202575 0.925879 -1.615079 0.000000 0.000000 0.000000 1.000000</float_array>
        <technique_common>
          <accessor source="#mixamorig5_Hips-Matrix-animation-output-transform-array" count="131" stride="16">
            <param type="float4x4"/>
          </accessor>
        </technique_common>
      </source>
      <source id="mixamorig5_Hips-Interpolations">
        <Name_array id="mixamorig5_Hips-Interpolations-array" count="131">
 LINEAR LINEAR LINEAR LINEAR LINEAR LINEAR LINEAR LINEAR LINEAR LINEAR LINEAR
LINEAR LINEAR LINEAR LINEAR LINEAR LINEAR LINEAR LINEAR LINEAR LINEAR LINEAR LINEAR
LINEAR LINEAR LINEAR LINEAR LINEAR LINEAR LINEAR LINEAR LINEAR LINEAR LINEAR LINEAR
LINEAR LINEAR LINEAR LINEAR LINEAR LINEAR LINEAR LINEAR LINEAR LINEAR LINEAR LINEAR
LINEAR LINEAR LINEAR LINEAR LINEAR LINEAR LINEAR LINEAR LINEAR LINEAR LINEAR LINEAR
LINEAR LINEAR LINEAR LINEAR LINEAR LINEAR LINEAR LINEAR LINEAR LINEAR LINEAR LINEAR
LINEAR LINEAR LINEAR LINEAR LINEAR LINEAR LINEAR LINEAR LINEAR LINEAR LINEAR LINEAR
LINEAR LINEAR LINEAR LINEAR LINEAR LINEAR LINEAR LINEAR LINEAR LINEAR LINEAR LINEAR
LINEAR LINEAR LINEAR LINEAR LINEAR LINEAR LINEAR LINEAR LINEAR LINEAR LINEAR LINEAR
LINEAR LINEAR LINEAR LINEAR LINEAR LINEAR LINEAR LINEAR LINEAR LINEAR LINEAR LINEAR
LINEAR LINEAR LINEAR LINEAR LINEAR LINEAR LINEAR LINEAR LINEAR LINEAR LINEAR LINEAR</Name_array>
        <technique_common>
          <accessor source="#mixamorig5_Hips-Interpolations-array" count="131">
            <param type="name"/>
          </accessor>
        </technique_common>
      </source>
      <sampler id="mixamorig5_Hips-Matrix-animation-transform">
        <input semantic="INPUT" source="#mixamorig5_Hips-Matrix-animation-input"/>
        <input semantic="OUTPUT" source="#mixamorig5_Hips-Matrix-animation-output-transform"/>
        <input semantic="INTERPOLATION" source="#mixamorig5_Hips-Interpolations"/>
      </sampler>
      <channel source="#mixamorig5_Hips-Matrix-animation-transform" target="mixamorig5_Hips/matrix"/>
    </animation>
    <animation id="mixamorig5_Spine-anim" name="mixamorig5_Spine">
      <source id="mixamorig5_Spine-Matrix-animation-input">
        <float_array id="mixamorig5_Spine-Matrix-animation-input-array" count="131">

0.000000 0.033333 0.066667 0.100000 0.133333 0.166667 0.200000 0.233333 0.266667 0.300000 0.333333 0.366667 0.400000 0.433333 0.466667 0.500000
0.533333 0.566667 0.600000 0.633333 0.666667 0.700000 0.733333 0.766667 0.800000 0.833333 0.866667 0.900000 0.933333 0.966667 1.000000 1.033333
1.066667 1.100000 1.133333 1.166667 1.200000 1.233333 1.266667 1.300000 1.333333 1.366667 1.400000 1.433333 1.466667 1.500000 1.533333 1.566667
1.600000 1.633333 1.666667 1.700000 1.733333 1.766667 1.800000 1.833333 1.866667 1.900000 1.933333 1.966667 2.000000 2.033333 2.066667 2.100000
2.133333 2.166667 2.200000 2.233333 2.266667 2.300000 2.333333 2.366667 2.400000 2.433333 2.466667 2.500000 2.533333 2.566667 2.600000 2.633333
2.666667 2.700000 2.733333 2.766667 2.800000 2.833333 2.866667 2.900000 2.933333 2.966667 3.000000 3.033333 3.066667 3.100000 3.133333 3.166667
3.200000 3.233333 3.266667 3.300000 3.333333 3.366667 3.400000 3.433333 3.466667 3.500000 3.533333 3.566667 3.600000 3.633333 3.666667 3.700000
3.733333 3.766667 3.800000 3.833333 3.866667 3.900000 3.933333 3.966667 4.000000 4.033333 4.066667 4.100000 4.133333 4.166667 4.200000 4.233333
4.266667 4.300000 4.333333</float_array>
        <technique_common>
          <accessor source="#mixamorig5_Spine-Matrix-animation-input-array" count="131">
            <param name="TIME" type="float"/>
          </accessor>
        </technique_common>
      </source>
      <source id="mixamorig5_Spine-Matrix-animation-output-transform">
        <float_array id="mixamorig5_Spine-Matrix-animation-output-transform-array" count="2096">

0.999344 -0.033191 -0.014475 0.000000 0.034591 0.993258 0.110648 8.836100 0.010705 -0.111076 0.993754 -1.360800 0.000000 0.000000 0.000000 1.000000
0.999336 -0.033436 -0.014464 0.000000 0.034834 0.993244 0.110693 8.836100 0.010665 -0.111123 0.993749 -1.360800 0.000000 0.000000 0.000000 1.000000
0.999327 -0.033714 -0.014472 0.000000 0.035112 0.993222 0.110802 8.836100 0.010638 -0.111236 0.993737 -1.360800 0.000000 0.000000 0.000000 1.000000
0.999318 -0.033945 -0.014539 0.000000 0.035352 0.993190 0.111009 8.836100 0.010672 -0.111448 0.993713 -1.360800 0.000000 0.000000 0.000000 1.000000
0.999312 -0.034057 -0.014704 0.000000 0.035486 0.993149 0.111333 8.836100 0.010811 -0.111778 0.993674 -1.360800 0.000000 0.000000 0.000000 1.000000
0.999309 -0.034027 -0.014965 0.000000 0.035489 0.993104 0.111739 8.836100 0.011060 -0.112193 0.993625 -1.360800 0.000000 0.000000 0.000000 1.000000
0.999309 -0.033891 -0.015271 -0.000000 0.035393 0.993061 0.112148 8.836100 0.011364 -0.112611 0.993574 -1.360800 0.000000 0.000000 0.000000 1.000000
0.999312 -0.033689 -0.015524 0.000000 0.035224 0.993030 0.112478 8.836100 0.011627 -0.112947 0.993533 -1.360800 0.000000 0.000000 0.000000 1.000000
0.999321 -0.033369 -0.015625 0.000000 0.034920 0.993015 0.112701 8.836100 0.011756 -0.113170 0.993506 -1.360800 0.000000 0.000000 0.000000 1.000000
0.999342 -0.032782 -0.015523 0.000000 0.034328 0.993017 0.112869 8.836100 0.011715 -0.113327 0.993489 -1.360800 0.000000 0.000000 0.000000 1.000000
0.999378 -0.031791 -0.015251 0.000000 0.033315 0.993026 0.113092 8.836100 0.011549 -0.113530 0.993467 -1.360800 0.000000 0.000000 0.000000 1.000000
0.999425 -0.030433 -0.014920 0.000000 0.031933 0.993027 0.113477 8.836100 0.011363 -0.113888 0.993429 -1.360800 0.000000 0.000000 0.000000 1.000000
0.999472 -0.028992 -0.014664 0.000000 0.030478 0.993006 0.114064 8.836100 0.011254 -0.114450 0.993365 -1.360800 0.000000 0.000000 0.000000 1.000000
0.999505 -0.027890 -0.014554 0.000000 0.029379 0.992955 0.114789 8.836100 0.011250 -0.115160 0.993283 -1.360800 0.000000 0.000000 0.000000 1.000000
0.999517 -0.027441 -0.014563 -0.000000 0.028941 0.992885 0.115503 8.836100 0.011290 -0.115869 0.993200 -1.360800 0.000000 0.000000 0.000000 1.000000
0.999511 -0.027655 -0.014585 -0.000000 0.029163 0.992818 0.116025 8.836100 0.011271 -0.116394 0.993139 -1.360800 0.000000 0.000000 0.000000 1.000000
0.999496 -0.028227 -0.014501 0.000000 0.029723 0.992779 0.116219 8.836100 0.011115 -0.116591 0.993118 -1.360800 0.000000 0.000000 0.000000 1.000000
0.999486 -0.028726 -0.014252 0.000000 0.030188 0.992786 0.116035 8.836100 0.010816 -0.116406 0.993143 -1.360800 0.000000 0.000000 0.000000 1.000000
0.999487 -0.028855 -0.013869 0.000000 0.030266 0.992844 0.115521 8.836100 0.010436 -0.115882 0.993208 -1.360800 0.000000 0.000000 0.000000 1.000000
0.999500 -0.028607 -0.013438 0.000000 0.029962 0.992938 0.114785 8.836100 0.010059 -0.115130 0.993299 -1.360800 0.000000 0.000000 0.000000 1.000000
0.999517 -0.028216 -0.013051 0.000000 0.029521 0.993047 0.113956 8.836100 0.009745 -0.114287 0.993400 -1.360800 0.000000 0.000000 0.000000 1.000000
0.999527 -0.027987 -0.012759 0.000000 0.029252 0.993148 0.113144 8.836100 0.009505 -0.113464 0.993497 -1.360800 0.000000 0.000000 0.000000 1.000000
0.999526 -0.028100 -0.012554 -0.000000 0.029335 0.993229 0.112412 8.836100 0.009311 -0.112727 0.993582 -1.360800 0.000000 0.000000 0.000000 1.000000
0.999516 -0.028549 -0.012394 0.000000 0.029758 0.993288 0.111773 8.836100 0.009120 -0.112088 0.993656 -1.360800 0.000000 0.000000 0.000000 1.000000
0.999499 -0.029202 -0.012241 -0.000000 0.030383 0.993332 0.111211 8.836100 0.008912 -0.111527 0.993721 -1.360800 0.000000 0.000000 0.000000 1.000000
0.999479 -0.029917 -0.012098 0.000000 0.031074 0.993366 0.110720 8.836100 0.008705 -0.111039 0.993778 -1.360800 0.000000 0.000000 0.000000 1.000000
0.999459 -0.030608 -0.012016 0.000000 0.031748 0.993386 0.110348 8.836100 0.008559 -0.110670 0.993820 -1.360800 0.000000 0.000000 0.000000 1.000000
0.999440 -0.031215 -0.012058 0.000000 0.032355 0.993384 0.110188 8.836100 0.008539 -0.110517 0.993838 -1.360800 0.000000 0.000000 0.000000 1.000000
0.999424 -0.031653 -0.012249 0.000000 0.032813 0.993354 0.110320 8.836100 0.008675 -0.110658 0.993821 -1.360800 0.000000 0.000000 0.000000 1.000000
0.999415 -0.031812 -0.012539 0.000000 0.033007 0.993303 0.110725 8.836100 0.008933 -0.111074 0.993772 -1.360800 0.000000 0.000000 0.000000 1.000000
0.999418 -0.031624 -0.012825 0.000000 0.032857 0.993248 0.111258 8.836100 0.009220 -0.111615 0.993709 -1.360800 0.000000 0.000000 0.000000 1.000000
0.999431 -0.031128 -0.013005 0.000000 0.032388 0.993214 0.111703 8.836100 0.009439 -0.112061 0.993657 -1.360800 0.000000 0.000000 0.000000 1.000000
0.999450 -0.030476 -0.013039 0.000000 0.031746 0.993214 0.111887 8.836100 0.009541 -0.112240 0.993635 -1.360800 0.000000 0.000000 0.000000 1.000000
0.999470 -0.029873 -0.012969 -0.000000 0.031137 0.993246 0.111775 8.836100 0.009542 -0.112119 0.993649 -1.360800 0.000000 0.000000 0.000000 1.000000
0.999482 -0.029488 -0.012877 0.000000 0.030741 0.993293 0.111463 8.836100 0.009504 -0.111801 0.993685 -1.360800 0.000000 0.000000 0.000000 1.000000
0.999485 -0.029408 -0.012831 0.000000 0.030653 0.993337 0.111097 8.836100 0.009478 -0.111433 0.993727 -1.360800 0.000000 0.000000 0.000000 1.000000
0.999478 -0.029629 -0.012849 0.000000 0.030872 0.993365 0.110781 8.836100 0.009481 -0.111120 0.993762 -1.360800 0.000000 0.000000 0.000000 1.000000
0.999464 -0.030075 -0.012901 0.000000 0.031319 0.993377 0.110546 8.836100 0.009491 -0.110891 0.993787 -1.360800 0.000000 0.000000 0.000000 1.000000
0.999447 -0.030619 -0.012949 -0.000000 0.031863 0.993378 0.110386 8.836100 0.009483 -0.110738 0.993804 -1.360800 0.000000 0.000000 0.000000 1.000000
0.999432 -0.031113 -0.012976 -0.000000 0.032356 0.993372 0.110296 8.836100 0.009458 -0.110653 0.993814 -1.360800 0.000000 0.000000 0.000000 1.000000
0.999421 -0.031438 -0.013010 0.000000 0.032683 0.993363 0.110282 8.836100 0.009457 -0.110643 0.993815 -1.360800 0.000000 0.000000 0.000000 1.000000
0.999416 -0.031555 -0.013108 0.000000 0.032811 0.993352 0.110339 8.836100 0.009539 -0.110704 0.993808 -1.360800 0.000000 0.000000 0.000000 1.000000
0.999415 -0.031505 -0.013327 0.000000 0.032786 0.993341 0.110445 8.836100 0.009759 -0.110817 0.993793 -1.360800 0.000000 0.000000 0.000000 1.000000
0.999413 -0.031389 -0.013697 0.000000 0.032714 0.993328 0.110585 8.836100 0.010134 -0.110968 0.993772 -1.360800 0.000000 0.000000 0.000000 1.000000
0.999408 -0.031323 -0.014201 -0.000000 0.032706 0.993308 0.110771 8.836100 0.010636 -0.111170 0.993745 -1.360800 0.000000 0.000000 0.000000 1.000000
0.999398 -0.031398 -0.014774 0.000000 0.032847 0.993274 0.111030 8.836100 0.011189 -0.111449 0.993707 -1.360800 0.000000 0.000000 0.000000 1.000000
0.999381 -0.031656 -0.015327 0.000000 0.033169 0.993226 0.111366 8.836100 0.011698 -0.111806 0.993661 -1.360800 0.000000 0.000000 0.000000 1.000000
0.999361 -0.032071 -0.015777 -0.000000 0.033636 0.993169 0.111733 8.836100 0.012085 -0.112192 0.993613 -1.360800 0.000000 0.000000 0.000000 1.000000
0.999341 -0.032553 -0.016088 -0.000000 0.034154 0.993114 0.112063 8.836100 0.012329 -0.112539 0.993571 -1.360800 0.000000 0.000000 0.000000 1.000000
0.999324 -0.032968 -0.016299 0.000000 0.034593 0.993069 0.112331 8.836100 0.012483 -0.112818 0.993537 -1.360800 0.000000 0.000000 0.000000 1.000000
0.999312 -0.033212 -0.016508 0.000000 0.034863 0.993030 0.112586 8.836100 0.012653 -0.113084 0.993505 -1.360800 0.000000 0.000000 0.000000 1.000000
0.999305 -0.033282 -0.016807 -0.000000 0.034971 0.992988 0.112923 8.836100 0.012931 -0.113432 0.993462 -1.360800 0.000000 0.000000 0.000000 1.000000
0.999297 -0.033298 -0.017220 0.000000 0.035040 0.992933 0.113389 8.836100 0.013323 -0.113913 0.993401 -1.360800 0.000000 0.000000 0.000000 1.000000
0.999285 -0.033435 -0.017655 0.000000 0.035233 0.992865 0.113916 8.836100 0.013721 -0.114456 0.993334 -1.360800 0.000000 0.000000 0.000000 1.000000
0.999268 -0.033791 -0.017941 0.000000 0.035625 0.992804 0.114329 8.836100 0.013948 -0.114885 0.993281 -1.360800 0.000000 0.000000 0.000000 1.000000
0.999251 -0.034284 -0.017919 0.000000 0.036115 0.992772 0.114456 8.836100 0.013865 -0.115017 0.993267 -1.360800 0.000000 0.000000 0.000000 1.000000
0.999244 -0.034689 -0.017556 0.000000 0.036471 0.992784 0.114232 8.836100 0.013466 -0.114786 0.993299 -1.360800 0.000000 0.000000 0.000000 1.000000
0.999251 -0.034774 -0.016989 0.000000 0.036485 0.992839 0.113748 8.836100 0.012911 -0.114283 0.993364 -1.360800 0.000000 0.000000 0.000000 1.000000
0.999271 -0.034451 -0.016455 0.000000 0.036096 0.992916 0.113200 8.836100 0.012438 -0.113711 0.993436 -1.360800 0.000000 0.000000 0.000000 1.000000
0.999299 -0.033788 -0.016146 0.000000 0.035397 0.992990 0.112775 8.836100 0.012222 -0.113268 0.993489 -1.360800 0.000000 0.000000 0.000000 1.000000
0.999328 -0.032926 -0.016079 -0.000000 0.034530 0.993044 0.112568 8.836100 0.012261 -0.113047 0.993514 -1.360800 0.000000 0.000000 0.000000 1.000000
0.999359 -0.031971 -0.016084 0.000000 0.033581 0.993079 0.112545 8.836100 0.012375 -0.113013 0.993516 -1.360800 0.000000 0.000000 0.000000 1.000000
0.999393 -0.030975 -0.015928 0.000000 0.032575 0.993108 0.112586 8.836100 0.012331 -0.113036 0.993514 -1.360800 0.000000 0.000000 0.000000 1.000000
0.999430 -0.029999 -0.015472 -0.000000 0.031552 0.993145 0.112552 8.836100 0.011990 -0.112976 0.993525 -1.360800 0.000000 0.000000 0.000000 1.000000
0.999466 -0.029160 -0.014761 0.000000 0.030637 0.993195 0.112364 8.836100 0.011384 -0.112756 0.993558 -1.360800 0.000000 0.000000 0.000000 1.000000
0.999493 -0.028619 -0.013983 0.000000 0.030008 0.993251 0.112037 8.836100 0.010682 -0.112400 0.993606 -1.360800 0.000000 0.000000 0.000000 1.000000
0.999505 -0.028486 -0.013351 0.000000 0.029801 0.993298 0.111670 8.836100 0.010080 -0.112013 0.993656 -1.360800 0.000000 0.000000 0.000000 1.000000
0.999502 -0.028771 -0.012980 -0.000000 0.030039 0.993325 0.111370 8.836100 0.009689 -0.111705 0.993694 -1.360800 0.000000 0.000000 0.000000 1.000000
0.999485 -0.029397 -0.012853 -0.000000 0.030645 0.993328 0.111180 8.836100 0.009499 -0.111517 0.993717 -1.360800 0.000000 0.000000 0.000000 1.000000
0.999459 -0.030261 -0.012861 0.000000 0.031504 0.993316 0.111048 8.836100 0.009414 -0.111393 0.993732 -1.360800 0.000000 0.000000 0.000000 1.000000
0.999428 -0.031276 -0.012885 0.000000 0.032514 0.993303 0.110873 8.836100 0.009331 -0.111229 0.993751 -1.360800 0.000000 0.000000 0.000000 1.000000
0.999394 -0.032353 -0.012861 0.000000 0.033579 0.993299 0.110588 8.836100 0.009197 -0.110953 0.993783 -1.360800 0.000000 0.000000 0.000000 1.000000
0.999361 -0.033370 -0.012790 0.000000 0.034578 0.993306 0.110216 8.836100 0.009027 -0.110588 0.993825 -1.360800 0.000000 0.000000 0.000000 1.000000
0.999335 -0.034175 -0.012713 0.000000 0.035367 0.993318 0.109856 8.836100 0.008874 -0.110232 0.993866 -1.360800 0.000000 0.000000 0.000000 1.000000
0.999319 -0.034650 -0.012668 0.000000 0.035832 0.993328 0.109615 8.836100 0.008786 -0.109994 0.993893 -1.360800 0.000000 0.000000 0.000000 1.000000
0.999315 -0.034771 -0.012671 0.000000 0.035952 0.993331 0.109546 8.836100 0.008778 -0.109927 0.993901 -1.360800 0.000000 0.000000 0.000000 1.000000
0.999320 -0.034620 -0.012718 0.000000 0.035808 0.993327 0.109629 8.836100 0.008838 -0.110010 0.993891 -1.360800 0.000000 0.000000 0.000000 1.000000
0.999329 -0.034330 -0.012805 -0.000000 0.035530 0.993319 0.109795 8.836100 0.008950 -0.110176 0.993872 -1.360800 0.000000 0.000000 0.000000 1.000000
0.999338 -0.034004 -0.012935 0.000000 0.035223 0.993310 0.109974 8.836100 0.009109 -0.110357 0.993850 -1.360800 0.000000 0.000000 0.000000 1.000000
0.999346 -0.033688 -0.013117 0.000000 0.034929 0.993304 0.110126 8.836100 0.009319 -0.110512 0.993831 -1.360800 0.000000 0.000000 0.000000 1.000000
0.999354 -0.033379 -0.013352 -0.000000 0.034650 0.993300 0.110244 8.836100 0.009583 -0.110635 0.993815 -1.360800 0.000000 0.000000 0.000000 1.000000
0.999360 -0.033069 -0.013627 0.000000 0.034373 0.993300 0.110338 8.836100 0.009887 -0.110736 0.993801 -1.360800 0.000000 0.000000 0.000000 1.000000
0.999367 -0.032756 -0.013915 0.000000 0.034094 0.993300 0.110417 8.836100 0.010205 -0.110822 0.993788 -1.360800 0.000000 0.000000 0.000000 1.000000
0.999373 -0.032442 -0.014181 0.000000 0.033813 0.993303 0.110479 8.836100 0.010502 -0.110889 0.993777 -1.360800 0.000000 0.000000 0.000000 1.000000
0.999380 -0.032130 -0.014394 0.000000 0.033527 0.993308 0.110520 8.836100 0.010747 -0.110934 0.993770 -1.360800 0.000000 0.000000 0.000000 1.000000
0.999388 -0.031833 -0.014534 0.000000 0.033247 0.993316 0.110536 8.836100 0.010918 -0.110952 0.993766 -1.360800 0.000000 0.000000 0.000000 1.000000
0.999394 -0.031600 -0.014592 0.000000 0.033022 0.993325 0.110522 8.836100 0.011002 -0.110936 0.993767 -1.360800 0.000000 0.000000 0.000000 1.000000
0.999397 -0.031519 -0.014569 0.000000 0.032938 0.993335 0.110458 8.836100 0.010991 -0.110871 0.993774 -1.360800 0.000000 0.000000 0.000000 1.000000
0.999395 -0.031645 -0.014460 0.000000 0.033050 0.993346 0.110323 8.836100 0.010873 -0.110734 0.993791 -1.360800 0.000000 0.000000 0.000000 1.000000
0.999389 -0.031929 -0.014251 -0.000000 0.033306 0.993361 0.110113 8.836100 0.010641 -0.110520 0.993817 -1.360800 0.000000 0.000000 0.000000 1.000000
0.999384 -0.032194 -0.013938 0.000000 0.033533 0.993381 0.109867 8.836100 0.010308 -0.110266 0.993849 -1.360800 0.000000 0.000000 0.000000 1.000000
0.999388 -0.032249 -0.013556 0.000000 0.033543 0.993402 0.109666 8.836100 0.009930 -0.110054 0.993876 -1.360800 0.000000 0.000000 0.000000 1.000000
0.999400 -0.032042 -0.013181 -0.000000 0.033295 0.993419 0.109589 8.836100 0.009582 -0.109962 0.993890 -1.360800 0.000000 0.000000 0.000000 1.000000
0.999415 -0.031675 -0.012881 0.000000 0.032898 0.993426 0.109645 8.836100 0.009323 -0.110004 0.993887 -1.360800 0.000000 0.000000 0.000000 1.000000
0.999430 -0.031302 -0.012681 0.000000 0.032506 0.993426 0.109761 8.836100 0.009162 -0.110110 0.993877 -1.360800 0.000000 0.000000 0.000000 1.000000
0.999440 -0.030998 -0.012563 -0.000000 0.032192 0.993430 0.109822 8.836100 0.009077 -0.110165 0.993872 -1.360800 0.000000 0.000000 0.000000 1.000000
0.999449 -0.030737 -0.012495 -0.000000 0.031925 0.993447 0.109748 8.836100 0.009040 -0.110087 0.993881 -1.360800 0.000000 0.000000 0.000000 1.000000
